# Blender v2.90.1 OBJ File: ''
# www.blender.org
mtllib bootieSeparated.mtl
o Boot_Cylinder.002
v -3.28 11.34 0.62
v -3.22 9.21 2.24
v -2.68 9.68 2.98
v -2.74 11.96 1.44
v -3.17 7.01 4.17
v -2.62 7.31 4.66
v -2.03 7.56 5
v -2.07 10.07 3.44
v -2.12 12.47 2.02
v -0.7 12.87 2.5
v -0.71 10.37 3.81
v 0.05 10.25 3.69
v 0.11 12.69 2.36
v -0.73 7.74 5.25
v -0.03 7.68 5.15
v 0.68 7.51 4.93
v 0.81 9.97 3.42
v 0.91 12.31 2.03
v -0.78 3.94 8.5
v -0.82 3.75 9.64
v -0.38 3.74 9.59
v -0.25 3.94 8.44
v -0.87 3.62 10.81
v -0.53 3.61 10.78
v -0.18 3.55 10.74
v 0.05 3.68 9.51
v 0.27 3.87 8.32
v -0.72 15.27 1.31
v -0.75 16.02 1.02
v -1.59 15.95 0.83
v -1.52 15.18 1.15
v -0.79 16.68 0.8
v -1.66 16.64 0.6
v -2.49 16.48 0.05
v -2.38 15.73 0.32
v -2.27 14.89 0.67
v -1.8 3.81 8.49
v -1.67 3.64 9.64
v -1.25 3.72 9.65
v -1.3 3.9 8.52
v -1.53 3.54 10.82
v -1.21 3.6 10.82
v -4.37 1.85 7.06
v -3.92 1.74 8.76
v -3.65 2.28 9.02
v -4.08 2.4 7.49
v -3.38 1.75 10.45
v -3.15 2.28 10.56
v -2.83 2.77 10.65
v -3.26 2.76 9.22
v -3.65 2.85 7.82
v -0.5 2.33 13.08
v 0.07 2.23 12.8
v -0.02 2.63 12.72
v -0.53 2.71 12.98
v 0.71 2.1 12.31
v 0.54 2.52 12.26
v 0.33 2.91 12.19
v -0.12 2.99 12.57
v -0.55 3.06 12.79
v -2.75 3.44 8.24
v -2.46 3.33 9.49
v -2.07 3.51 9.58
v -2.29 3.65 8.39
v -2.16 3.29 10.76
v -1.85 3.44 10.8
v 3.78 1.8 6.25
v 3.06 1.8 8.27
v 3.35 1.3 8.02
v 4.11 1.21 5.84
v 2.2 1.9 10.23
v 2.43 1.47 10.14
v 2.56 1.15 10.09
v 3.51 0.93 7.86
v 4.29 0.78 5.56
v 3.86 6.76 -2.03
v 4.08 5.78 -0.48
v 4.11 5.29 -1.03
v 3.85 6.19 -2.4
v 4.3 4.57 1.04
v 4.39 4.12 0.32
v 4.4 3.82 -0.17
v 4.09 4.98 -1.42
v 3.84 5.81 -2.67
v -1.99 5.75 6.23
v -1.38 5.86 6.36
v -1.4 7.7 5.2
v -1.94 4.67 7.1
v -1.36 4.77 7.18
v -0.75 4.81 7.18
v -0.74 5.89 6.39
v -3.74 7.33 -4.88
v -3.59 7.07 -3.59
v -3.87 7.97 -3.52
v -4.05 8.27 -4.85
v -3.63 6.62 -2.08
v -3.83 7.46 -1.9
v -3.92 8.45 -1.66
v -4.06 9.09 -3.42
v -4.26 9.5 -4.84
v -3.06 5.67 -2.3
v -3.52 4.91 -0.93
v -3.71 5.32 -0.59
v -3.32 6.03 -2.21
v -4.05 3.85 0.44
v -4.17 4.32 1.07
v -4.27 4.94 1.84
v -3.91 5.91 -0.16
v -4.5 3.77 3.52
v -4.34 4.34 4.28
v -4.21 5.55 2.53
v -4.59 2.74 4.82
v -4.36 3.32 5.53
v -3.97 3.73 6.03
v -4.01 4.78 4.86
v -4 6.13 3.09
v -4.45 0.83 6.13
v -4.06 0.92 8.25
v -4.03 1.26 8.47
v -4.44 1.28 6.55
v -3.55 1.08 10.23
v -3.49 1.34 10.33
v 0.23 7.22 -12.93
v -0.67 7.18 -13.16
v -0.67 7.38 -13.19
v 0.23 7.42 -12.95
v -1.55 7.11 -12.94
v -1.54 7.31 -12.97
v -1.58 7.81 -13.05
v -0.69 7.88 -13.28
v 0.24 7.92 -13.05
v -3.08 6.46 -4.9
v -2.93 6.17 -3.6
v -3.22 6.49 -3.6
v -3.36 6.76 -4.89
v -4.39 2.52 1.78
v -4.46 3.09 2.58
v -4.55 1.41 3.1
v -4.6 2.02 3.9
v 3.76 7.5 -5
v 3.79 7.28 -3.54
v 3.76 6.68 -3.8
v 3.73 6.92 -5.19
v 3.76 6.31 -3.99
v 3.75 6.6 -5.33
v 3.79 9.51 -4.53
v 3.74 9.07 -2.93
v 3.81 8.1 -3.24
v 3.82 8.39 -4.78
v 3.62 8.35 -1.2
v 3.8 7.49 -1.61
v -1.42 10.31 3.72
v -1.44 12.78 2.38
v 2.07 6.87 4.07
v 1.9 5.29 5.43
v 2.62 4.97 4.88
v 2.79 6.42 3.38
v 1.73 4.33 6.36
v 2.43 4.05 5.89
v 3.16 3.67 5.26
v 3.33 4.54 4.18
v 3.45 5.8 2.69
v -3.99 6.64 0.28
v -3.92 7.5 0.69
v 0.57 5.76 6.11
v 1.22 5.56 5.83
v 1.37 7.23 4.59
v 0.48 4.71 6.95
v 1.08 4.55 6.7
v 2.6 15.32 -7.79
v 2.38 16.47 -7.8
v 2.69 16.5 -6.04
v 2.85 15.37 -6
v 2.16 17.25 -7.78
v 2.53 17.26 -6.06
v 2.62 17.28 -4.35
v 2.72 16.57 -4.29
v 2.83 15.49 -4.21
v 2.44 16.69 -2.62
v 2.53 15.72 -2.51
v 2.36 17.32 -2.71
v 1.88 17.37 -1.36
v 1.96 16.83 -1.24
v 2.04 15.99 -1.13
v 0.82 16.47 0.35
v 0.75 17.07 0.22
v 0.01 17.14 0.56
v 0.05 16.62 0.7
v 0.69 17.44 0.07
v -0.03 17.44 0.42
v -0.84 17.44 0.52
v -0.82 17.16 0.66
v -2.57 17.07 -0.14
v -3.3 16.93 -1.06
v -3.21 16.24 -0.84
v -2.6 17.43 -0.3
v -3.31 17.39 -1.23
v -3.86 17.34 -2.46
v -3.86 16.77 -2.3
v -3.8 15.96 -2.09
v -4.25 16.64 -3.81
v -4.21 15.7 -3.65
v -4.22 17.3 -3.91
v -4.32 17.27 -5.49
v -4.38 16.55 -5.44
v -4.4 15.52 -5.33
v -4.24 16.49 -7.05
v -4.34 15.42 -6.95
v -4.1 17.24 -7.08
v -3.69 17.23 -8.55
v -3.89 16.47 -8.51
v -4.06 15.38 -8.4
v -2.46 15.97 -10.56
v -2.9 15.95 -9.64
v -2.76 12.65 -9.53
v -2.35 12.71 -10.36
v -3.34 15.92 -8.51
v -3.18 12.56 -8.47
v -3.02 9.2 -8.41
v -2.62 9.33 -9.39
v -2.23 9.43 -10.14
v -3 15.37 -10.71
v -2.88 16.47 -10.76
v -2.26 16.48 -11.6
v -2.33 15.38 -11.55
v -2.73 17.23 -10.78
v -2.18 17.23 -11.62
v -1.55 17.23 -12.24
v -1.58 16.49 -12.21
v -1.61 15.4 -12.16
v -0.86 16.49 -12.51
v -0.85 15.41 -12.45
v -0.87 17.23 -12.54
v -0.18 17.23 -12.45
v -0.13 16.5 -12.43
v -0.08 15.4 -12.38
v -1.65 8.77 -13.13
v -0.73 8.82 -13.41
v -1.7 10.03 -13.08
v -0.77 10.05 -13.39
v 0.25 10.06 -13.21
v 0.26 8.85 -13.2
v -3.11 7.67 -11.11
v -3.19 8.65 -11.13
v -2.47 8.71 -12.36
v -2.4 7.74 -12.32
v -3.24 9.93 -11.06
v -2.52 9.98 -12.28
v 4.39 3.4 2.4
v 4.57 2.85 1.67
v 4.34 2.5 3.62
v 4.61 1.83 2.96
v 4.74 1.32 2.53
v 4.64 2.45 1.18
v -4.2 8.45 -6.24
v -3.91 7.49 -6.24
v -4.39 9.73 -6.29
v -4.29 9.84 -7.86
v -4.16 8.56 -7.81
v -3.93 7.58 -7.78
v -3.09 6.9 -10.98
v -3.07 7.13 -11.04
v -2.38 7.22 -12.25
v -2.4 7.01 -12.19
v 3.37 7.78 -8.02
v 3.44 8.69 -8.02
v 3.72 8.56 -6.35
v 3.65 7.65 -6.46
v 3.42 9.85 -7.99
v 3.7 9.73 -6.22
v -3.6 6.91 -6.24
v -3.37 6.62 -6.26
v -3.71 7 -7.76
v -3.57 6.72 -7.76
v 1.43 15.37 -10.92
v 2.09 15.34 -9.5
v 2.29 13.99 -9.5
v 1.62 14.03 -10.93
v 2.77 13.97 -7.79
v 2.97 12.55 -7.81
v 2.5 12.58 -9.55
v 1.82 12.63 -11.02
v 1.39 16.97 -0.34
v 1.48 16.25 -0.21
v 1.32 17.41 -0.48
v 2.25 11.18 0.88
v 2.2 9.06 2.34
v 2.95 8.51 1.17
v 2.79 10.56 -0.07
v 3.52 7.26 0.76
v 3.32 9.35 -0.95
v 3.11 10.34 -1.04
v 2.59 2.91 7.25
v 1.98 2.82 8.88
v 2.57 2.34 8.58
v 3.25 2.39 6.76
v 1.31 2.81 10.5
v 1.79 2.38 10.37
v -3.59 5.1 5.3
v -3.64 6.65 3.58
v -3.51 4.03 6.4
v -3.02 4.27 6.69
v -3.1 5.34 5.67
v 3.95 4 3.3
v 3.98 5.15 1.88
v 3.83 3.14 4.45
v 0.48 3.57 9.4
v 0.78 3.74 8.15
v 0.17 3.45 10.7
v 0.52 3.31 10.65
v 0.94 3.39 9.27
v 1.33 3.54 7.92
v 1.51 9.56 3
v 1.62 11.81 1.56
v -0.09 5.86 6.3
v -0.14 4.79 7.11
v -3.7 8.72 0.99
v -3.94 9.54 -1.46
v -3.72 10.77 -0.46
v -3.94 10.57 -1.58
v 1.43 3.16 9.1
v 1.93 3.28 7.63
v 0.89 3.11 10.59
v -1.71 17.14 0.43
v -1.74 17.44 0.29
v -2.56 5.57 5.99
v -2.5 4.49 6.93
v 3.89 6.43 0.16
v -2.86 3.1 9.38
v -3.2 3.19 8.06
v -2.49 3.09 10.71
v -0.7 14.39 1.72
v -1.47 14.29 1.58
v -2.18 13.97 1.15
v 2.28 12.66 -0.1
v 1.68 13.27 0.66
v 2.26 13.77 -0.68
v 1.66 14.29 0.2
v 0.95 14.74 0.77
v 0.96 13.79 1.19
v -1.7 11.37 -12.79
v -0.81 11.37 -13.11
v -1.67 12.74 -12.44
v -0.83 12.73 -12.75
v 0.06 12.71 -12.63
v 0.17 11.36 -12.96
v -3.2 11.32 -10.9
v -2.49 11.34 -12.03
v -3.13 12.72 -10.75
v -2.43 12.73 -11.75
v -4.35 10.94 -4.83
v -4.43 11.21 -6.4
v -4.33 12.67 -4.59
v -4.41 12.75 -6.55
v -4.21 12.74 -8.07
v -4.29 11.28 -7.94
v -2.83 13.48 0.45
v -2.94 14.5 -0.14
v -3.53 14.02 -1.29
v -3.39 12.89 -0.53
v 0.14 14.19 1.57
v 0.13 15.1 1.15
v -4.16 10.3 -3.25
v -4.11 11.44 -2.81
v 3.22 11.16 -7.9
v 3.49 11.07 -6.06
v 3.21 12.52 -5.93
v 3.19 12.39 -3.73
v 3.57 10.78 -4.26
v 2.1 7.94 -11.28
v 2.19 8.85 -11.37
v 2.93 8.78 -9.78
v 2.84 7.88 -9.72
v 2.2 10.01 -11.37
v 2.92 9.94 -9.78
v 2.17 14.91 -0.98
v 1.58 15.3 -0.06
v 0.89 15.65 0.52
v -1.64 14.11 -12.22
v -0.85 14.11 -12.52
v -0.02 14.1 -12.43
v -2.38 14.1 -11.59
v -3.07 14.09 -10.69
v -4.38 14.3 -5.11
v -4.39 14.17 -6.77
v -4.15 14.12 -8.24
v -3.68 15.03 -1.78
v -4.12 14.63 -3.37
v -4 13.46 -2.8
v -3.09 15.41 -0.54
v 0.1 15.91 0.89
v 2.97 14.14 -4.09
v 2.65 14.49 -2.36
v 2.76 13.18 -1.97
v 3.01 14 -5.95
v 1.86 16.47 -9.5
v 1.64 17.24 -9.46
v 1.23 16.48 -10.93
v 1.05 17.24 -10.9
v 0.82 14.07 -11.91
v 0.98 12.67 -12.05
v 0.69 15.39 -11.89
v 3.35 6.94 -8.05
v 3.34 7.22 -8.03
v 3.63 7.08 -6.56
v 3.65 6.78 -6.63
v 3.51 10.13 -2.62
v 3.18 11.17 -2.12
v 2.78 11.96 -1.13
v -3.84 12.23 -1.73
v -3.69 14.1 -9.56
v -3.75 12.73 -9.49
v -3.59 15.37 -9.66
v 1.16 11.33 -12.32
v 1.28 10.05 -12.53
v 2.05 11.28 -11.21
v 1.27 8.87 -12.52
v 1.2 7.95 -12.39
v 0.56 16.49 -11.92
v 0.45 17.24 -11.91
v 2.74 11.22 -9.68
v -3.84 11.3 -9.49
v -3.87 9.89 -9.52
v -3.79 8.61 -9.52
v -3.65 7.63 -9.5
v -3.43 16.46 -9.74
v -3.23 17.23 -9.77
v 1.84 15.89 -7.64
v 1.34 15.93 -9.24
v 1.22 12.59 -9.08
v 1.7 12.48 -7.56
v 0.81 15.96 -10.62
v 0.73 12.69 -10.38
v 0.64 9.41 -10.13
v 1.09 9.25 -8.9
v 1.54 9.05 -7.46
v 0.35 17.34 -11.8
v 0.91 17.34 -10.8
v -0.23 17.35 -12.34
v -0.25 16.01 -12.1
v 0.29 15.99 -11.58
v 0.91 7.29 -7.09
v 0.41 7.42 -7.91
v -0.83 7.09 -5.97
v 0.92 7.1 -5.97
v 0.25 7.62 -9.11
v -0.14 7.64 -9.29
v -0.36 7.77 -10.09
v -0.76 7.71 -9.66
v -1.15 7.78 -10
v -1.43 7.65 -9.2
v -1.82 7.65 -9.17
v -1.96 7.49 -8.29
v -2.43 7.42 -7.84
v -2.49 7.23 -6.73
v -2.91 7.05 -5.73
v -2.63 6.9 -4.85
v -2.68 6.72 -3.81
v -2.16 6.66 -3.42
v -1.9 6.5 -2.51
v -1.31 6.52 -2.6
v -0.83 6.41 -2
v -0.39 6.5 -2.52
v 0.11 6.46 -2.26
v 0.34 6.58 -3
v 0.83 6.61 -3.13
v 0.87 6.79 -4.17
v 1.24 6.91 -4.9
v 0.88 7.75 -8.64
v 0.49 7.93 -9.8
v 1.31 7.54 -7.33
v -0.86 16.01 -12.2
v -0.81 12.82 -11.89
v -0.22 12.81 -11.78
v -1.47 16 -11.93
v -1.41 12.81 -11.64
v -1.34 9.59 -11.3
v -0.76 9.61 -11.53
v -0.2 9.58 -11.44
v 2.34 15.82 -4.44
v 2.22 15.86 -6.03
v 2.06 12.36 -6.02
v 2.17 12.24 -4.52
v 1.88 8.86 -6.02
v 1.99 8.66 -4.61
v -0.85 15.67 0.05
v -0.09 15.68 -0.05
v -0.12 11.89 -0.39
v -0.84 11.88 -0.29
v 0.57 15.7 -0.38
v 0.51 11.92 -0.7
v 0.43 8.16 -1.04
v -0.16 8.12 -0.75
v -0.83 8.1 -0.66
v 1.66 15.75 -1.69
v 2.11 15.78 -2.93
v 1.96 12.12 -3.1
v 1.54 12.03 -1.93
v 1.79 8.47 -3.27
v 1.39 8.32 -2.19
v -3.65 15.77 -2.73
v -3.15 15.74 -1.6
v -3.02 12.02 -1.85
v -3.5 12.11 -2.92
v -2.48 15.71 -0.73
v -2.39 11.95 -1.03
v -2.29 8.2 -1.35
v -2.89 8.31 -2.11
v -3.33 8.45 -3.11
v 1.15 15.72 -0.88
v 1.05 11.97 -1.17
v 0.94 8.22 -1.48
v -1.68 15.68 -0.18
v -1.63 11.9 -0.5
v -1.57 8.13 -0.86
v -2 15.99 -11.35
v -1.91 12.77 -11.09
v -1.82 9.52 -10.8
v -4.03 15.84 -5.54
v -3.97 15.81 -4.06
v -3.81 12.21 -4.17
v -3.86 12.32 -5.59
v -3.62 8.61 -4.29
v -3.67 8.8 -5.63
v -3.77 15.88 -7.09
v -3.6 12.45 -7.09
v -3.42 9.01 -7.09
v 0.27 12.76 -11.29
v 0.24 9.52 -10.98
v 0.13 8.05 -10.54
v -0.24 8.12 -10.98
v 1.6 7.32 -5.99
v 1.72 7.1 -4.69
v 1.53 6.9 -3.51
v 1.19 6.74 -2.51
v 0.77 6.63 -1.9
v 0.32 6.56 -1.47
v -1.5 6.54 -1.34
v -0.82 6.5 -1.13
v -2.16 6.61 -1.75
v -3.34 7.06 -4.43
v -3.1 6.88 -3.35
v -3.4 7.26 -5.66
v -3.15 7.49 -7.01
v -2.79 7.7 -8.26
v -2.41 7.85 -9.13
v -2.07 7.96 -9.82
v -0.74 8.14 -11.03
v -1.26 8.13 -10.86
v -0.21 6.52 -1.24
v -2.68 6.73 -2.47
v -1.69 8.05 -10.38
v 0.48 3.11 11.58
v 0.78 2.84 11.57
v 0.21 3.27 11.56
v 0.04 3.26 11.97
v 0.15 3.15 12.1
v -2.73 2.36 11.62
v -2.48 2.82 11.62
v -2.9 1.87 11.6
v -2.44 2.04 12.3
v -2.33 2.48 12.28
v -2.16 2.89 12.22
v -1.7 3.4 11.62
v -1.44 3.48 11.63
v -1.96 3.28 11.61
v -1.85 3.27 12
v -1.65 3.34 12.1
v -1.38 3.41 12.14
v -0.64 3.52 11.6
v -0.35 3.47 11.59
v -0.91 3.54 11.6
v -0.93 3.49 11.99
v -0.75 3.45 12.1
v -0.47 3.4 12.12
v -1.18 3.53 11.62
v -1.11 3.46 12.11
v 1.12 2.44 11.56
v 1.41 2 11.54
v -2.22 3.11 11.62
v -1.98 3.16 12.13
v -3.54 7.07 -9.45
v -3.49 6.8 -9.41
v -0.07 3.39 11.58
v -0.19 3.32 12.08
v 1.15 7.45 -12.31
v 2.03 7.43 -11.22
v 2.01 7.19 -11.2
v 1.14 7.23 -12.29
v -2.97 1.51 11.56
v -3.02 1.28 11.52
v -2.5 1.49 12.27
v -2.47 1.7 12.29
v -1.45 2.31 13.07
v -1.95 2.19 12.78
v -1.96 1.87 12.77
v -1.46 1.99 13.07
v -1.98 1.66 12.77
v -1.47 1.77 13.07
v -0.46 1.79 13.11
v 0.15 1.7 12.85
v 0.12 1.91 12.83
v -0.48 2 13.1
v 0.86 1.55 12.37
v 0.8 1.77 12.34
v -0.95 3.34 12.48
v -1.35 3.29 12.5
v -1.38 3.05 12.79
v -0.97 3.09 12.85
v -0.55 3.28 12.49
v -0.98 2.74 13.07
v -1.42 2.7 12.99
v -0.98 2.35 13.17
v -1.79 2.98 12.59
v -1.88 2.6 12.72
v -0.19 3.21 12.38
v -1.51 17.35 -12.15
v -2.09 17.35 -11.54
v -2.59 17.34 -10.7
v 2.49 17.34 -4.39
v 2.37 17.34 -6.05
v 1.99 17.34 -7.72
v 2.79 7.34 -9.69
v 2.78 7.08 -9.68
v 1.78 17.34 -1.5
v 2.25 17.34 -2.81
v 0.64 17.34 -0.13
v 1.24 17.34 -0.65
v -2.56 17.34 -0.49
v -1.72 17.32 0.09
v -0.85 17.31 0.32
v -4.19 17.34 -5.52
v -4.12 17.34 -3.98
v -3.78 17.34 -2.59
v -3.5 17.33 -8.54
v -3.94 17.34 -7.09
v -3.05 17.34 -9.73
v -0.88 17.35 -12.44
v -0.06 17.32 0.22
v -3.25 17.35 -1.4
v 1.47 17.34 -9.37
v 1.57 1.62 11.54
v 1.66 1.37 11.55
v -1.69 3.22 12.39
v -0.99 2.03 13.18
v -0.98 1.81 13.18
v -3.87 3.13 6.86
v -3.41 3.44 7.17
v -2.92 3.69 7.41
v 1.57 3.8 7.04
v 2.24 3.54 6.66
v 2.95 3.16 6.14
v 0.4 4.15 7.56
v 0.96 4.01 7.34
v 3.64 2.63 5.47
v 4.18 1.99 4.78
v -4.6 0.9 4.46
v -4.61 1.46 5.11
v -4.57 2.13 5.85
v 4.5 1.33 4.23
v 4.67 0.82 3.87
v -2.42 3.91 7.6
v -1.89 4.09 7.73
v -4.3 2.7 6.44
v -1.33 4.19 7.78
v -0.76 4.23 7.77
v -0.18 4.22 7.7
v -0.03 0.05 -11.47
v 0.64 0.06 -10.89
v 0.8 0.06 -9.66
v 0.07 0.04 -9.97
v 1.24 0.08 -10.13
v 1.58 0.08 -9.25
v 1.79 0.08 -8.37
v 0.94 0.06 -8.52
v 0.16 0.05 -8.63
v -0.93 0.02 -7.04
v -0.98 0.02 -7.72
v -0.42 0.03 -7.7
v -0.38 0.03 -7
v -1.02 0.01 -8.68
v -0.46 0.03 -8.68
v 0.23 0.05 -7.68
v 0.28 0.05 -6.99
v -1.09 0.01 -11.53
v -1.06 0.01 -10.02
v -1.68 0 -9.8
v -1.68 0 -11.07
v -1.64 0 -8.64
v -2.28 -0.01 -8.59
v -2.32 -0.01 -9.52
v -2.16 -0.01 -10.39
v 1.05 0.06 -7.64
v 1.94 0.08 -7.6
v 2.06 0.09 -6.94
v 1.1 0.07 -6.95
v -0.51 0.03 -10.09
v -0.57 0.03 -11.68
v -1.55 0.01 -7.74
v -2.13 0 -7.77
v -1.4 0.01 -7.04
v -1.92 0.01 -7.07
v 3.99 5.57 -2.86
v 4.24 4.78 -1.67
v 4.24 4.63 -1.8
v 3.99 5.42 -2.96
v 4.57 3.65 -0.47
v 4.57 3.49 -0.6
v 4.39 3.34 -0.73
v 4.08 4.48 -1.92
v 3.84 5.26 -3.06
v 4.79 0.58 3.7
v 4.85 1.09 2.32
v 4.41 0.57 5.44
v 4.52 0.5 5.4
v 4.9 0.51 3.63
v 4.96 1.02 2.23
v 3.41 6.82 -8.07
v 2.83 6.97 -9.69
v 3.49 6.76 -8.08
v 2.91 6.91 -9.72
v 2.12 7.02 -11.27
v 2.05 7.08 -11.23
v -0.98 1.71 13.26
v -0.42 1.68 13.19
v -1.5 1.66 13.14
v -1.53 1.61 13.25
v -0.96 1.65 13.38
v -0.37 1.63 13.31
v 3.72 6.66 -6.67
v 3.81 6.46 -5.39
v 3.9 6.4 -5.42
v 3.8 6.61 -6.68
v -2.85 6.02 -3.62
v -3 5.52 -2.36
v -3 6.33 -4.92
v -3.04 6.25 -4.96
v -2.9 5.96 -3.67
v -3.05 5.46 -2.42
v -3.31 6.49 -6.28
v -3.56 6.58 -7.77
v -3.61 6.5 -7.79
v -3.35 6.41 -6.31
v -3.49 4.75 -1.12
v -4.05 3.65 0.13
v -3.55 4.71 -1.21
v -4.13 3.62 0.01
v -3.52 6.68 -9.4
v -3.15 6.79 -10.95
v -3.22 6.71 -10.95
v -3.59 6.6 -9.4
v 3.82 6.14 -4.09
v 3.89 5.63 -2.8
v 3.91 6.08 -4.13
v 2.76 0.95 10.08
v 2.66 1.01 10.07
v 1.74 1.25 11.58
v 1.83 1.19 11.62
v 0.92 1.45 12.44
v 1 1.4 12.52
v -4.7 0.59 5.9
v -4.55 0.64 5.95
v -4.69 0.67 4.16
v -4.86 0.62 4.07
v -4.64 1.15 2.71
v -4.8 1.11 2.59
v 4.46 3.69 -0.39
v 4.14 4.83 -1.6
v 0.21 1.59 12.94
v 0.27 1.55 13.05
v -2.45 6.91 -12.18
v -1.58 7.01 -12.95
v -1.61 6.94 -12.99
v -2.51 6.83 -12.19
v -0.67 7.08 -13.2
v 0.24 7.12 -12.98
v 0.26 7.06 -13.06
v -0.68 7.02 -13.27
v 1.16 7.13 -12.33
v 1.21 7.07 -12.4
v -2.68 1.34 12.34
v -2.11 1.5 12.9
v -2.03 1.56 12.82
v -2.57 1.39 12.3
v -4.44 2.29 1.39
v -4.56 2.26 1.26
v -1.54 1.21 13.28
v -1.54 1.41 13.27
v -2.12 1.3 12.93
v -2.09 1.1 12.95
v -2.7 1.14 12.37
v -2.65 0.94 12.4
v -3.11 1.18 11.52
v -3.22 1.13 11.53
v -3.64 0.96 10.19
v -3.76 0.91 10.18
v 4.72 2.27 0.95
v 4.83 2.22 0.86
v 3.63 0.76 7.79
v 3.73 0.69 7.77
v -4.16 0.77 8.15
v -4.3 0.72 8.12
v -0.37 1.22 13.31
v -0.96 1.24 13.39
v -0.93 1.1 13
v 0.22 1.11 13.02
v -0.86 0.94 12.44
v 0.92 0.95 12.48
v -3.68 0.53 10.16
v -0.53 0.51 10.1
v -0.73 0.73 11.57
v -3.17 0.74 11.57
v 2.62 0.5 10.04
v 1.72 0.74 11.58
v -4.54 0.23 5.7
v -0.1 0.16 5.52
v -0.3 0.3 7.87
v -4.18 0.35 8
v 4.34 0.11 5.35
v 3.57 0.27 7.75
v 0.03 0.2 3.68
v 4.71 0.14 3.48
v -4.66 0.27 3.89
v -4.57 0.77 2.41
v 0.1 0.71 2.19
v 4.77 0.67 1.98
v -2.91 4.99 -2.65
v 0.47 5.12 -2.86
v 0.36 4.37 -1.72
v -3.36 4.28 -1.5
v 0.24 3.29 -0.52
v -3.91 3.25 -0.3
v 0.16 1.9 0.79
v -4.32 1.92 1.02
v 4.64 1.89 0.58
v -2.81 5.72 -4.8
v -2.93 5.84 -5.56
v 0.43 5.98 -5.61
v 0.49 5.86 -4.96
v -3.21 5.85 -6.11
v 0.34 6.02 -6.07
v 3.88 6.19 -6.03
v 3.77 6.14 -5.72
v 3.79 6.02 -5.14
v 0.51 5.59 -4
v -2.75 5.45 -3.8
v 3.78 5.75 -4.19
v 0.27 1.33 13.04
v 1 1.17 12.5
v -0.37 1.42 13.32
v -3.54 4.49 -1.35
v -4.12 3.44 -0.14
v -3.05 5.22 -2.54
v 4.53 0.3 5.37
v 4.91 0.32 3.55
v 4.97 0.84 2.1
v 2.88 6.67 -9.73
v 2.11 6.79 -11.29
v 3.45 6.52 -8.08
v 3.36 6.19 -8.19
v 2.82 6.3 -9.74
v 2.08 6.42 -11.27
v 4.83 2.06 0.71
v -4.72 0.41 5.8
v -4.32 0.53 8.06
v -3.79 0.72 10.17
v 1.83 0.96 11.6
v 2.76 0.72 10.06
v -2.9 5.7 -3.74
v -3.02 5.98 -4.95
v 1.22 6.84 -12.41
v 0.27 6.85 -13.07
v 1.2 6.49 -12.38
v 0.28 6.5 -13.03
v -3.55 6.34 -9.45
v -3.56 6.23 -7.85
v -3.21 6.46 -11
v -3.17 6.08 -11.05
v -3.5 5.96 -9.52
v -3.53 5.87 -8.05
v -4.54 2.09 1.14
v -4.79 0.94 2.5
v -0.66 6.81 -13.3
v -1.59 6.72 -13.04
v -0.64 6.47 -13.29
v -1.55 6.38 -13.06
v -3.3 6.09 -6.3
v -3.39 5.8 -6.95
v 3.91 5.92 -4.17
v 3.9 6.21 -5.35
v -2.5 6.6 -12.25
v -2.46 6.23 -12.28
v 3.8 6.35 -6.54
v 3.67 6.11 -6.99
v -0.96 1.45 13.39
v -3.25 0.94 11.55
v -4.86 0.45 3.98
v 3.74 0.48 7.76
v -2.36 1.15 -10.52
v -1.83 1.19 -11.35
v -1.71 0.22 -11.16
v -2.2 0.21 -10.42
v -1.18 1.23 -11.88
v -1.1 0.24 -11.65
v -0.58 1.26 -12.04
v -0.57 0.26 -11.8
v 0.03 1.28 -11.82
v -0.02 0.28 -11.59
v 0.74 1.29 -11.22
v 0.65 0.29 -11
v 1.4 1.29 -10.35
v 1.27 0.3 -10.17
v 2.35 1.22 -6.77
v 0.1 1.16 -6.79
v -0.07 0.16 -6.95
v 2.1 0.29 -6.9
v -2.1 1.11 -6.88
v -1.93 0.21 -7.02
v -2.57 1.13 -9.51
v -2.98 3.24 -9.51
v -2.71 3.31 -10.75
v -2.54 1.11 -8.49
v -2.98 3.2 -8.3
v 1.85 1.27 -9.33
v 1.66 0.3 -9.25
v 2.12 1.25 -8.33
v 1.88 0.3 -8.36
v -2.35 0.2 -8.57
v -2.2 0.2 -7.74
v -2.39 1.11 -7.62
v 2.66 3.41 -8.27
v 2.9 3.37 -7.27
v 2.3 1.23 -7.48
v 2.94 3.34 -6.47
v 2.04 0.3 -7.58
v -2.83 3.16 -7.34
v -2.51 3.14 -6.56
v 2.27 3.47 -9.51
v 1.7 3.54 -10.75
v -2.39 0.2 -9.5
v 0.22 3.24 -6.48
v 0.95 3.57 -11.73
v 0.14 3.57 -12.35
v -0.61 3.54 -12.59
v -1.34 3.48 -12.39
v -2.11 3.4 -11.76
usemtl LeftShoeBase
s 1
f 1 2 3 4
f 2 5 6 3
f 3 6 7 8
f 4 3 8 9
f 10 11 12 13
f 11 14 15 12
f 12 15 16 17
f 13 12 17 18
f 19 20 21 22
f 20 23 24 21
f 21 24 25 26
f 22 21 26 27
f 28 29 30 31
f 29 32 33 30
f 30 33 34 35
f 31 30 35 36
f 37 38 39 40
f 38 41 42 39
f 39 42 23 20
f 40 39 20 19
f 43 44 45 46
f 44 47 48 45
f 45 48 49 50
f 46 45 50 51
f 52 53 54 55
f 53 56 57 54
f 54 57 58 59
f 55 54 59 60
f 61 62 63 64
f 62 65 66 63
f 63 66 41 38
f 64 63 38 37
f 67 68 69 70
f 68 71 72 69
f 69 72 73 74
f 70 69 74 75
f 76 77 78 79
f 77 80 81 78
f 78 81 82 83
f 79 78 83 84
f 7 85 86 87
f 85 88 89 86
f 86 89 90 91
f 87 86 91 14
f 92 93 94 95
f 93 96 97 94
f 94 97 98 99
f 95 94 99 100
f 101 102 103 104
f 102 105 106 103
f 103 106 107 108
f 104 103 108 96
f 107 109 110 111
f 109 112 113 110
f 110 113 114 115
f 111 110 115 116
f 117 118 119 120
f 118 121 122 119
f 119 122 47 44
f 120 119 44 43
f 123 124 125 126
f 124 127 128 125
f 125 128 129 130
f 126 125 130 131
f 132 133 134 135
f 133 101 104 134
f 134 104 96 93
f 135 134 93 92
f 105 136 137 106
f 136 138 139 137
f 137 139 112 109
f 106 137 109 107
f 140 141 142 143
f 141 76 79 142
f 142 79 84 144
f 143 142 144 145
f 146 147 148 149
f 147 150 151 148
f 148 151 76 141
f 149 148 141 140
f 9 8 152 153
f 8 7 87 152
f 152 87 14 11
f 153 152 11 10
f 154 155 156 157
f 155 158 159 156
f 156 159 160 161
f 157 156 161 162
f 96 108 163 97
f 108 107 111 163
f 163 111 116 164
f 97 163 164 98
f 16 165 166 167
f 165 168 169 166
f 166 169 158 155
f 167 166 155 154
f 170 171 172 173
f 171 174 175 172
f 172 175 176 177
f 173 172 177 178
f 178 177 179 180
f 177 176 181 179
f 179 181 182 183
f 180 179 183 184
f 185 186 187 188
f 186 189 190 187
f 187 190 191 192
f 188 187 192 32
f 34 193 194 195
f 193 196 197 194
f 194 197 198 199
f 195 194 199 200
f 200 199 201 202
f 199 198 203 201
f 201 203 204 205
f 202 201 205 206
f 206 205 207 208
f 205 204 209 207
f 207 209 210 211
f 208 207 211 212
f 213 214 215 216
f 214 217 218 215
f 215 218 219 220
f 216 215 220 221
f 222 223 224 225
f 223 226 227 224
f 224 227 228 229
f 225 224 229 230
f 230 229 231 232
f 229 228 233 231
f 231 233 234 235
f 232 231 235 236
f 129 237 238 130
f 237 239 240 238
f 238 240 241 242
f 130 238 242 131
f 243 244 245 246
f 244 247 248 245
f 245 248 239 237
f 246 245 237 129
f 80 249 250 81
f 249 251 252 250
f 250 252 253 254
f 81 250 254 82
f 92 95 255 256
f 95 100 257 255
f 255 257 258 259
f 256 255 259 260
f 261 262 263 264
f 262 243 246 263
f 263 246 129 128
f 264 263 128 127
f 265 266 267 268
f 266 269 270 267
f 267 270 146 149
f 268 267 149 140
f 132 135 271 272
f 135 92 256 271
f 271 256 260 273
f 272 271 273 274
f 275 276 277 278
f 276 170 279 277
f 277 279 280 281
f 278 277 281 282
f 184 183 283 284
f 183 182 285 283
f 283 285 189 186
f 284 283 186 185
f 286 287 288 289
f 154 157 288 287
f 162 290 288 157
f 150 291 288 290
f 292 289 288 291
f 293 294 295 296
f 294 297 298 295
f 295 298 71 68
f 296 295 68 67
f 116 115 299 300
f 115 114 301 299
f 299 301 302 303
f 300 299 303 5
f 162 161 304 305
f 161 160 306 304
f 304 306 251 249
f 305 304 249 80
f 27 26 307 308
f 26 25 309 307
f 307 309 310 311
f 308 307 311 312
f 18 17 313 314
f 17 16 167 313
f 313 167 154 287
f 314 313 287 286
f 14 91 315 15
f 91 90 316 315
f 315 316 168 165
f 15 315 165 16
f 98 164 317 318
f 116 300 317 164
f 5 2 317 300
f 1 319 317 2
f 320 318 317 319
f 312 311 321 322
f 311 310 323 321
f 321 323 297 294
f 322 321 294 293
f 32 192 324 33
f 192 191 325 324
f 324 325 196 193
f 33 324 193 34
f 5 303 326 6
f 303 302 327 326
f 326 327 88 85
f 6 326 85 7
f 150 290 328 151
f 290 162 305 328
f 328 305 80 77
f 151 328 77 76
f 51 50 329 330
f 50 49 331 329
f 329 331 65 62
f 330 329 62 61
f 10 332 333 153
f 332 28 31 333
f 333 31 36 334
f 153 333 334 9
f 286 335 336 314
f 335 337 338 336
f 336 338 339 340
f 314 336 340 18
f 239 341 342 240
f 341 343 344 342
f 342 344 345 346
f 240 342 346 241
f 247 347 348 248
f 347 349 350 348
f 348 350 343 341
f 248 348 341 239
f 100 351 352 257
f 351 353 354 352
f 352 354 355 356
f 257 352 356 258
f 9 334 357 4
f 334 36 358 357
f 357 358 359 360
f 4 357 360 1
f 18 340 361 13
f 340 339 362 361
f 361 362 28 332
f 13 361 332 10
f 100 99 363 351
f 99 98 318 363
f 363 318 320 364
f 351 363 364 353
f 269 365 366 270
f 365 280 367 366
f 366 367 368 369
f 270 366 369 146
f 370 371 372 373
f 371 374 375 372
f 372 375 269 266
f 373 372 266 265
f 337 376 377 338
f 376 184 284 377
f 377 284 185 378
f 338 377 378 339
f 343 379 380 344
f 379 230 232 380
f 380 232 236 381
f 344 380 381 345
f 222 225 382 383
f 225 230 379 382
f 382 379 343 350
f 383 382 350 349
f 353 384 385 354
f 384 206 208 385
f 385 208 212 386
f 354 385 386 355
f 359 387 388 389
f 387 200 202 388
f 388 202 206 384
f 389 388 384 353
f 36 35 390 358
f 35 34 195 390
f 390 195 200 387
f 358 390 387 359
f 339 378 391 362
f 378 185 188 391
f 391 188 32 29
f 362 391 29 28
f 368 392 393 394
f 392 178 180 393
f 393 180 184 376
f 394 393 376 337
f 280 279 395 367
f 279 170 173 395
f 395 173 178 392
f 367 395 392 368
f 174 171 396 397
f 171 170 276 396
f 396 276 275 398
f 397 396 398 399
f 345 381 400 401
f 381 236 402 400
f 400 402 275 278
f 401 400 278 282
f 403 404 405 406
f 404 265 268 405
f 405 268 140 143
f 406 405 143 145
f 150 147 407 291
f 147 146 369 407
f 407 369 368 408
f 291 407 408 292
f 292 408 409 289
f 408 368 394 409
f 409 394 337 335
f 289 409 335 286
f 353 364 410 389
f 364 320 319 410
f 410 319 1 360
f 389 410 360 359
f 355 386 411 412
f 386 212 413 411
f 411 413 222 383
f 412 411 383 349
f 241 346 414 415
f 346 345 401 414
f 414 401 282 416
f 415 414 416 374
f 131 242 417 418
f 242 241 415 417
f 417 415 374 371
f 418 417 371 370
f 236 235 419 402
f 235 234 420 419
f 419 420 399 398
f 402 419 398 275
f 374 416 421 375
f 416 282 281 421
f 421 281 280 365
f 375 421 365 269
f 258 356 422 423
f 356 355 412 422
f 422 412 349 347
f 423 422 347 247
f 260 259 424 425
f 259 258 423 424
f 424 423 247 244
f 425 424 244 243
f 212 211 426 413
f 211 210 427 426
f 426 427 226 223
f 413 426 223 222
f 428 429 430 431
f 429 432 433 430
f 430 433 434 435
f 431 430 435 436
f 399 420 437 438
f 420 234 439 437
f 437 439 440 441
f 438 437 441 432
f 442 443 444 445
f 446 447 444 443
f 448 449 444 447
f 450 451 444 449
f 452 453 444 451
f 454 455 444 453
f 456 457 444 455
f 458 459 444 457
f 460 461 444 459
f 462 463 444 461
f 464 465 444 463
f 466 467 444 465
f 468 445 444 467
f 446 443 469 470
f 443 442 471 469
f 469 471 436 435
f 470 469 435 434
f 440 472 473 474
f 472 475 476 473
f 473 476 477 478
f 474 473 478 479
f 480 481 482 483
f 481 428 431 482
f 482 431 436 484
f 483 482 484 485
f 486 487 488 489
f 487 490 491 488
f 488 491 492 493
f 489 488 493 494
f 495 496 497 498
f 496 480 483 497
f 497 483 485 499
f 498 497 499 500
f 501 502 503 504
f 502 505 506 503
f 503 506 507 508
f 504 503 508 509
f 490 510 511 491
f 510 495 498 511
f 511 498 500 512
f 491 511 512 492
f 505 513 514 506
f 513 486 489 514
f 514 489 494 515
f 506 514 515 507
f 475 516 517 476
f 516 213 216 517
f 517 216 221 518
f 476 517 518 477
f 519 520 521 522
f 520 501 504 521
f 521 504 509 523
f 522 521 523 524
f 217 525 526 218
f 525 519 522 526
f 526 522 524 527
f 218 526 527 219
f 432 441 528 433
f 441 440 474 528
f 528 474 479 529
f 433 528 529 434
f 448 447 530 531
f 447 446 470 530
f 530 470 434 529
f 531 530 529 479
f 442 445 532 471
f 445 468 533 532
f 532 533 485 484
f 471 532 484 436
f 468 467 534 533
f 467 466 535 534
f 534 535 500 499
f 533 534 499 485
f 466 465 536 535
f 465 464 537 536
f 536 537 492 512
f 535 536 512 500
f 462 461 538 539
f 461 460 540 538
f 538 540 507 515
f 539 538 515 494
f 458 457 541 542
f 457 456 543 541
f 541 543 524 523
f 542 541 523 509
f 456 455 544 543
f 455 454 545 544
f 544 545 219 527
f 543 544 527 524
f 454 453 546 545
f 453 452 547 546
f 546 547 221 220
f 545 546 220 219
f 450 449 548 549
f 449 448 531 548
f 548 531 479 478
f 549 548 478 477
f 464 463 550 537
f 463 462 539 550
f 550 539 494 493
f 537 550 493 492
f 460 459 551 540
f 459 458 542 551
f 551 542 509 508
f 540 551 508 507
f 452 451 552 547
f 451 450 549 552
f 552 549 477 518
f 547 552 518 221
f 297 323 553 554
f 323 310 555 553
f 553 555 556 557
f 554 553 557 58
f 49 48 558 559
f 48 47 560 558
f 558 560 561 562
f 559 558 562 563
f 41 66 564 565
f 66 65 566 564
f 564 566 567 568
f 565 564 568 569
f 25 24 570 571
f 24 23 572 570
f 570 572 573 574
f 571 570 574 575
f 23 42 576 572
f 42 41 565 576
f 576 565 569 577
f 572 576 577 573
f 71 298 578 579
f 298 297 554 578
f 578 554 58 57
f 579 578 57 56
f 65 331 580 566
f 331 49 559 580
f 580 559 563 581
f 566 580 581 567
f 274 273 582 583
f 273 260 425 582
f 582 425 243 262
f 583 582 262 261
f 310 309 584 555
f 309 25 571 584
f 584 571 575 585
f 555 584 585 556
f 131 418 586 126
f 418 370 587 586
f 586 587 588 589
f 126 586 589 123
f 47 122 590 560
f 122 121 591 590
f 590 591 592 593
f 560 590 593 561
f 594 595 596 597
f 595 561 593 596
f 596 593 592 598
f 597 596 598 599
f 600 601 602 603
f 601 604 605 602
f 602 605 56 53
f 603 602 53 52
f 573 577 606 574
f 569 607 606 577
f 608 609 606 607
f 60 610 606 609
f 575 574 606 610
f 60 609 611 55
f 609 608 612 611
f 611 612 594 613
f 55 611 613 52
f 608 614 615 612
f 614 563 562 615
f 615 562 561 595
f 612 615 595 594
f 60 59 616 610
f 59 58 557 616
f 616 557 556 585
f 610 616 585 575
f 475 617 618 516
f 617 228 227 618
f 618 227 226 619
f 516 618 619 213
f 480 620 621 481
f 620 176 175 621
f 621 175 174 622
f 481 621 622 428
f 370 373 623 587
f 373 265 404 623
f 623 404 403 624
f 587 623 624 588
f 495 625 626 496
f 625 182 181 626
f 626 181 176 620
f 496 626 620 480
f 490 627 628 510
f 627 189 285 628
f 628 285 182 625
f 510 628 625 495
f 505 629 630 513
f 629 196 325 630
f 630 325 191 631
f 513 630 631 486
f 519 632 633 520
f 632 204 203 633
f 633 203 198 634
f 520 633 634 501
f 217 635 636 525
f 635 210 209 636
f 636 209 204 632
f 525 636 632 519
f 213 619 637 214
f 619 226 427 637
f 637 427 210 635
f 214 637 635 217
f 440 439 638 472
f 439 234 233 638
f 638 233 228 617
f 472 638 617 475
f 486 631 639 487
f 631 191 190 639
f 639 190 189 627
f 487 639 627 490
f 501 634 640 502
f 634 198 197 640
f 640 197 196 629
f 502 640 629 505
f 428 622 641 429
f 622 174 397 641
f 641 397 399 438
f 429 641 438 432
f 73 72 642 643
f 72 71 579 642
f 642 579 56 605
f 643 642 605 604
f 563 614 644 581
f 614 608 607 644
f 644 607 569 568
f 581 644 568 567
f 594 597 645 613
f 597 599 646 645
f 645 646 600 603
f 613 645 603 52
f 114 647 648 301
f 647 51 330 648
f 648 330 61 649
f 301 648 649 302
f 158 650 651 159
f 650 312 322 651
f 651 322 293 652
f 159 651 652 160
f 168 653 654 169
f 653 27 308 654
f 654 308 312 650
f 169 654 650 158
f 160 652 655 306
f 652 293 296 655
f 655 296 67 656
f 306 655 656 251
f 138 657 658 139
f 657 117 120 658
f 658 120 43 659
f 139 658 659 112
f 251 656 660 252
f 656 67 70 660
f 660 70 75 661
f 252 660 661 253
f 302 649 662 327
f 649 61 64 662
f 662 64 37 663
f 327 662 663 88
f 112 659 664 113
f 659 43 46 664
f 664 46 51 647
f 113 664 647 114
f 88 663 665 89
f 663 37 40 665
f 665 40 19 666
f 89 665 666 90
f 90 666 667 316
f 666 19 22 667
f 667 22 27 653
f 316 667 653 168
usemtl LeftShoeHeel
s off
f 668 669 670 671
f 669 672 673 670
f 670 673 674 675
f 671 670 675 676
f 677 678 679 680
f 678 681 682 679
f 679 682 676 683
f 680 679 683 684
f 685 686 687 688
f 686 681 689 687
f 687 689 690 691
f 688 687 691 692
f 676 675 693 683
f 675 674 694 693
f 693 694 695 696
f 683 693 696 684
f 676 682 697 671
f 682 681 686 697
f 697 686 685 698
f 671 697 698 668
f 690 689 699 700
f 689 681 678 699
f 699 678 677 701
f 700 699 701 702
s 1
f 703 704 705 706
f 704 707 708 705
f 705 708 709 710
f 706 705 710 711
f 253 661 712 713
f 661 75 714 712
f 712 714 715 716
f 713 712 716 717
f 403 718 719 624
f 718 720 721 719
f 719 721 722 723
f 624 719 723 588
f 600 646 724 725
f 646 599 726 724
f 724 726 727 728
f 725 724 728 729
f 403 406 730 718
f 406 145 731 730
f 730 731 732 733
f 718 730 733 720
f 101 133 734 735
f 133 132 736 734
f 734 736 737 738
f 735 734 738 739
f 132 272 740 736
f 272 274 741 740
f 740 741 742 743
f 736 740 743 737
f 105 102 744 745
f 102 101 735 744
f 744 735 739 746
f 745 744 746 747
f 274 583 748 741
f 583 261 749 748
f 748 749 750 751
f 741 748 751 742
f 145 144 752 731
f 144 84 753 752
f 752 753 703 754
f 731 752 754 732
f 755 756 757 758
f 756 73 643 757
f 757 643 604 759
f 758 757 759 760
f 761 762 763 764
f 762 117 657 763
f 763 657 138 765
f 764 763 765 766
f 82 767 768 83
f 767 707 704 768
f 768 704 703 753
f 83 768 753 84
f 604 601 769 759
f 601 600 725 769
f 769 725 729 770
f 759 769 770 760
f 261 264 771 749
f 264 127 772 771
f 771 772 773 774
f 749 771 774 750
f 127 124 775 772
f 124 123 776 775
f 775 776 777 778
f 772 775 778 773
f 123 589 779 776
f 589 588 723 779
f 779 723 722 780
f 776 779 780 777
f 781 782 783 784
f 782 727 726 783
f 783 726 599 598
f 784 783 598 592
f 105 745 785 136
f 745 747 786 785
f 785 786 766 765
f 136 785 765 138
f 787 788 789 790
f 788 727 782 789
f 789 782 781 791
f 790 789 791 792
f 781 784 793 794
f 784 592 591 793
f 793 591 121 795
f 794 793 795 796
f 82 254 797 767
f 254 253 713 797
f 797 713 717 798
f 767 797 798 707
f 75 74 799 714
f 74 73 756 799
f 799 756 755 800
f 714 799 800 715
f 796 795 801 802
f 795 121 118 801
f 801 118 117 762
f 802 801 762 761
f 803 804 805 806
f 804 787 790 805
f 805 790 792 807
f 806 805 807 808
f 809 810 811 812
f 810 813 814 811
f 811 814 808 807
f 812 811 807 792
f 815 816 817 818
f 816 819 820 817
f 817 820 813 810
f 818 817 810 809
f 819 816 821 822
f 816 815 823 821
f 821 823 824 825
f 822 821 825 826
f 827 828 829 830
f 828 711 710 829
f 829 710 709 831
f 830 829 831 832
f 832 831 833 834
f 831 709 835 833
f 833 835 826 825
f 834 833 825 824
f 836 837 838 839
f 837 840 841 838
f 838 841 842 843
f 839 838 843 844
f 836 839 845 846
f 839 844 847 845
f 845 847 711 828
f 846 845 828 827
f 760 770 848 849
f 770 729 850 848
f 848 850 803 806
f 849 848 806 808
f 747 746 851 852
f 746 739 853 851
f 851 853 827 830
f 852 851 830 832
f 715 854 855 716
f 854 819 822 855
f 855 822 826 856
f 716 855 856 717
f 722 721 857 858
f 721 720 859 857
f 857 859 860 861
f 858 857 861 862
f 707 798 863 708
f 798 717 856 863
f 863 856 826 835
f 708 863 835 709
f 761 864 865 802
f 864 815 818 865
f 865 818 809 866
f 802 865 866 796
f 755 758 867 868
f 758 760 849 867
f 867 849 808 814
f 868 867 814 813
f 739 738 869 853
f 738 737 870 869
f 869 870 836 846
f 853 869 846 827
f 777 780 871 872
f 780 722 858 871
f 871 858 862 873
f 872 871 873 874
f 742 751 875 876
f 751 750 877 875
f 875 877 878 879
f 876 875 879 880
f 766 786 881 882
f 786 747 852 881
f 881 852 832 834
f 882 881 834 824
f 773 778 883 884
f 778 777 872 883
f 883 872 874 885
f 884 883 885 886
f 737 743 887 870
f 742 876 887 743
f 880 888 887 876
f 840 837 887 888
f 836 870 887 837
f 732 754 889 890
f 754 703 706 889
f 889 706 711 847
f 890 889 847 844
f 750 774 891 877
f 774 773 884 891
f 891 884 886 892
f 877 891 892 878
f 720 733 893 859
f 732 890 893 733
f 844 843 893 890
f 842 894 893 843
f 860 859 893 894
f 727 788 895 728
f 788 787 804 895
f 895 804 803 850
f 728 895 850 729
f 781 794 896 791
f 794 796 866 896
f 896 866 809 812
f 791 896 812 792
f 766 882 897 764
f 882 824 823 897
f 897 823 815 864
f 764 897 864 761
f 755 868 898 800
f 868 813 820 898
f 898 820 819 854
f 800 898 854 715
f 899 900 901 902
f 900 903 904 901
f 901 904 685 688
f 902 901 688 692
f 903 905 906 904
f 905 907 908 906
f 906 908 668 698
f 904 906 698 685
f 907 909 910 908
f 909 911 912 910
f 910 912 672 669
f 908 910 669 668
f 913 914 915 916
f 917 918 915 914
f 702 701 915 918
f 677 680 915 701
f 684 696 915 680
f 695 916 915 696
f 899 919 920 921
f 919 922 923 920
f 920 923 880 879
f 921 920 879 878
f 911 924 925 912
f 924 926 927 925
f 925 927 674 673
f 912 925 673 672
f 922 928 929 930
f 928 690 700 929
f 929 700 702 918
f 930 929 918 917
f 926 931 932 933
f 931 860 894 932
f 932 894 842 934
f 933 932 934 913
f 674 927 935 694
f 927 926 933 935
f 935 933 913 916
f 694 935 916 695
f 880 923 936 888
f 923 922 930 936
f 936 930 917 937
f 888 936 937 840
f 862 861 938 939
f 861 860 931 938
f 938 931 926 924
f 939 938 924 911
f 692 691 940 902
f 691 690 928 940
f 940 928 922 919
f 902 940 919 899
f 842 841 941 934
f 841 840 937 941
f 941 937 917 914
f 934 941 914 913
f 874 873 942 943
f 873 862 939 942
f 942 939 911 909
f 943 942 909 907
f 886 885 944 945
f 885 874 943 944
f 944 943 907 905
f 945 944 905 903
f 878 892 946 921
f 892 886 945 946
f 946 945 903 900
f 921 946 900 899
o Boot.001_Cylinder.001
v -7.77 11.34 0.62
v -8.32 11.96 1.44
v -8.38 9.68 2.98
v -7.84 9.21 2.24
v -8.43 7.31 4.66
v -7.89 7.01 4.17
v -8.98 10.07 3.44
v -9.02 7.56 5
v -8.94 12.47 2.02
v -10.36 12.87 2.5
v -11.17 12.69 2.36
v -11.11 10.25 3.69
v -10.35 10.37 3.81
v -11.03 7.68 5.15
v -10.33 7.74 5.25
v -11.86 9.97 3.42
v -11.74 7.51 4.93
v -11.97 12.31 2.03
v -10.28 3.94 8.5
v -10.8 3.94 8.44
v -10.67 3.74 9.59
v -10.23 3.75 9.64
v -10.53 3.61 10.78
v -10.18 3.62 10.81
v -11.11 3.68 9.51
v -10.88 3.55 10.74
v -11.32 3.87 8.32
v -10.34 15.27 1.31
v -9.53 15.18 1.15
v -9.47 15.95 0.83
v -10.31 16.02 1.02
v -9.4 16.64 0.6
v -10.27 16.68 0.8
v -8.68 15.73 0.32
v -8.57 16.48 0.05
v -8.79 14.89 0.67
v -9.25 3.81 8.49
v -9.76 3.9 8.52
v -9.8 3.72 9.65
v -9.39 3.64 9.64
v -9.85 3.6 10.82
v -9.52 3.54 10.82
v -6.69 1.85 7.06
v -6.98 2.4 7.49
v -7.41 2.28 9.02
v -7.13 1.74 8.76
v -7.91 2.28 10.56
v -7.67 1.75 10.45
v -7.79 2.76 9.22
v -8.23 2.77 10.65
v -7.4 2.85 7.82
v -10.56 2.33 13.08
v -10.53 2.71 12.98
v -11.04 2.63 12.72
v -11.12 2.23 12.8
v -11.59 2.52 12.26
v -11.76 2.1 12.31
v -10.94 2.99 12.57
v -11.38 2.91 12.19
v -10.5 3.06 12.79
v -8.31 3.44 8.24
v -8.77 3.65 8.39
v -8.99 3.51 9.58
v -8.59 3.33 9.49
v -9.21 3.44 10.8
v -8.89 3.29 10.76
v -14.84 1.8 6.25
v -15.16 1.21 5.84
v -14.41 1.3 8.02
v -14.12 1.8 8.27
v -13.49 1.47 10.14
v -13.26 1.9 10.23
v -14.57 0.93 7.86
v -13.61 1.15 10.09
v -15.34 0.78 5.56
v -14.92 6.76 -2.03
v -14.91 6.19 -2.4
v -15.16 5.29 -1.03
v -15.13 5.78 -0.48
v -15.45 4.12 0.32
v -15.36 4.57 1.04
v -15.15 4.98 -1.42
v -15.46 3.82 -0.17
v -14.9 5.81 -2.67
v -9.65 7.7 5.2
v -9.67 5.86 6.36
v -9.06 5.75 6.23
v -9.7 4.77 7.18
v -9.11 4.67 7.1
v -10.31 5.89 6.39
v -10.3 4.81 7.18
v -7.32 7.33 -4.88
v -7.01 8.27 -4.85
v -7.18 7.97 -3.52
v -7.46 7.07 -3.59
v -7.23 7.46 -1.9
v -7.43 6.62 -2.08
v -7 9.09 -3.42
v -7.14 8.45 -1.66
v -6.8 9.5 -4.84
v -7.99 5.67 -2.3
v -7.74 6.03 -2.21
v -7.35 5.32 -0.59
v -7.53 4.91 -0.93
v -6.89 4.32 1.07
v -7.01 3.85 0.44
v -7.14 5.91 -0.16
v -6.78 4.94 1.84
v -6.84 5.55 2.53
v -6.72 4.34 4.28
v -6.56 3.77 3.52
v -6.7 3.32 5.53
v -6.47 2.74 4.82
v -7.04 4.78 4.86
v -7.09 3.73 6.03
v -7.06 6.13 3.09
v -6.61 0.83 6.13
v -6.61 1.28 6.55
v -7.03 1.26 8.47
v -6.99 0.92 8.25
v -7.56 1.34 10.33
v -7.51 1.08 10.23
v -11.29 7.22 -12.93
v -11.29 7.42 -12.95
v -10.38 7.38 -13.19
v -10.39 7.18 -13.16
v -9.51 7.31 -12.97
v -9.51 7.11 -12.94
v -10.36 7.88 -13.28
v -9.48 7.81 -13.05
v -11.3 7.92 -13.05
v -7.98 6.46 -4.9
v -7.69 6.76 -4.89
v -7.83 6.49 -3.6
v -8.13 6.17 -3.6
v -6.6 3.09 2.58
v -6.67 2.52 1.78
v -6.46 2.02 3.9
v -6.5 1.41 3.1
v -14.82 7.5 -5
v -14.79 6.92 -5.19
v -14.81 6.68 -3.8
v -14.84 7.28 -3.54
v -14.82 6.31 -3.99
v -14.8 6.6 -5.33
v -14.84 9.51 -4.53
v -14.88 8.39 -4.78
v -14.86 8.1 -3.24
v -14.79 9.07 -2.93
v -14.86 7.49 -1.61
v -14.67 8.35 -1.2
v -9.62 12.78 2.38
v -9.64 10.31 3.72
v -13.13 6.87 4.07
v -13.85 6.42 3.38
v -13.67 4.97 4.88
v -12.95 5.29 5.43
v -13.49 4.05 5.89
v -12.78 4.33 6.36
v -14.38 4.54 4.18
v -14.21 3.67 5.26
v -14.51 5.8 2.69
v -7.07 6.64 0.28
v -7.14 7.5 0.69
v -12.43 7.23 4.59
v -12.28 5.56 5.83
v -11.62 5.76 6.11
v -12.14 4.55 6.7
v -11.53 4.71 6.95
v -13.65 15.32 -7.79
v -13.91 15.37 -6
v -13.75 16.5 -6.04
v -13.44 16.47 -7.8
v -13.58 17.26 -6.06
v -13.22 17.25 -7.78
v -13.78 16.57 -4.29
v -13.68 17.28 -4.35
v -13.88 15.49 -4.21
v -13.58 15.72 -2.51
v -13.5 16.69 -2.62
v -13.42 17.32 -2.71
v -13.01 16.83 -1.24
v -12.93 17.37 -1.36
v -13.1 15.99 -1.13
v -11.87 16.47 0.35
v -11.11 16.62 0.7
v -11.07 17.14 0.56
v -11.81 17.07 0.22
v -11.03 17.44 0.42
v -11.75 17.44 0.07
v -10.23 17.16 0.66
v -10.21 17.44 0.52
v -7.84 16.24 -0.84
v -7.76 16.93 -1.06
v -8.49 17.07 -0.14
v -7.74 17.39 -1.23
v -8.46 17.43 -0.3
v -7.19 16.77 -2.3
v -7.19 17.34 -2.46
v -7.26 15.96 -2.09
v -6.85 15.7 -3.65
v -6.81 16.64 -3.81
v -6.83 17.3 -3.91
v -6.67 16.55 -5.44
v -6.74 17.27 -5.49
v -6.66 15.52 -5.33
v -6.71 15.42 -6.95
v -6.81 16.49 -7.05
v -6.96 17.24 -7.08
v -7.16 16.47 -8.51
v -7.37 17.23 -8.55
v -7 15.38 -8.4
v -8.6 15.97 -10.56
v -8.71 12.71 -10.36
v -8.3 12.65 -9.53
v -8.16 15.95 -9.64
v -7.88 12.56 -8.47
v -7.72 15.92 -8.51
v -8.44 9.33 -9.39
v -8.04 9.2 -8.41
v -8.82 9.43 -10.14
v -8.06 15.37 -10.71
v -8.73 15.38 -11.55
v -8.8 16.48 -11.6
v -8.17 16.47 -10.76
v -8.88 17.23 -11.62
v -8.32 17.23 -10.78
v -9.48 16.49 -12.21
v -9.5 17.23 -12.24
v -9.45 15.4 -12.16
v -10.2 15.41 -12.45
v -10.2 16.49 -12.51
v -10.19 17.23 -12.54
v -10.92 16.5 -12.43
v -10.87 17.23 -12.45
v -10.97 15.4 -12.38
v -10.33 8.82 -13.41
v -9.41 8.77 -13.13
v -10.29 10.05 -13.39
v -9.35 10.03 -13.08
v -11.32 8.85 -13.2
v -11.3 10.06 -13.21
v -7.95 7.67 -11.11
v -8.66 7.74 -12.32
v -8.59 8.71 -12.36
v -7.87 8.65 -11.13
v -8.54 9.98 -12.28
v -7.82 9.93 -11.06
v -15.63 2.85 1.67
v -15.44 3.4 2.4
v -15.67 1.83 2.96
v -15.4 2.5 3.62
v -15.69 2.45 1.18
v -15.8 1.32 2.53
v -7.14 7.49 -6.24
v -6.86 8.45 -6.24
v -6.67 9.73 -6.29
v -6.9 8.56 -7.81
v -6.76 9.84 -7.86
v -7.12 7.58 -7.78
v -7.97 6.9 -10.98
v -8.66 7.01 -12.19
v -8.68 7.22 -12.25
v -7.98 7.13 -11.04
v -14.43 7.78 -8.02
v -14.71 7.65 -6.46
v -14.77 8.56 -6.35
v -14.49 8.69 -8.02
v -14.75 9.73 -6.22
v -14.47 9.85 -7.99
v -7.69 6.62 -6.26
v -7.46 6.91 -6.24
v -7.34 7 -7.76
v -7.48 6.72 -7.76
v -12.49 15.37 -10.92
v -12.67 14.03 -10.93
v -13.35 13.99 -9.5
v -13.15 15.34 -9.5
v -13.83 13.97 -7.79
v -13.55 12.58 -9.55
v -14.03 12.55 -7.81
v -12.87 12.63 -11.02
v -12.53 16.25 -0.21
v -12.45 16.97 -0.34
v -12.38 17.41 -0.48
v -13.3 11.18 0.88
v -13.84 10.56 -0.07
v -14 8.51 1.17
v -13.26 9.06 2.34
v -14.57 7.26 0.76
v -14.38 9.35 -0.95
v -14.17 10.34 -1.04
v -13.64 2.91 7.25
v -14.3 2.39 6.76
v -13.62 2.34 8.58
v -13.04 2.82 8.88
v -12.85 2.38 10.37
v -12.37 2.81 10.5
v -7.41 6.65 3.58
v -7.46 5.1 5.3
v -7.54 4.03 6.4
v -7.96 5.34 5.67
v -8.04 4.27 6.69
v -15.03 5.15 1.88
v -15.01 4 3.3
