# chair3.obj
#
# Created by MatBot
# https://blendswap.com/blend/26127
#
# This file is distributed underCC-BY Creative Commons Attribution 3.0 Unported license 
# see http://creativecommons.org/licenses/by/3.0/
#
mtllib chair3.mtl
o Cube.013_Cube.021
v -21.069 42.557 -21.515
v -21.069 42.557 -23.142
v 21.618 42.557 -23.142
v 21.618 42.557 -21.515
v -17.067 90.515 -25.798
v -17.067 90.515 -26.751
v 17.455 90.515 -26.751
v 17.455 90.515 -25.798
v -20.935 47.062 -23.204
v -20.935 47.062 -21.07
v 21.482 47.062 -23.204
v 21.482 47.062 -21.07
v -19.97 60.132 -23.308
v -19.97 60.132 -21.361
v 20.409 60.132 -23.308
v 20.409 60.132 -21.361
v 0.07 42.269 -23.442
v 0.07 42.269 -21.273
v 0.279 90.566 -30.683
v 0.279 90.566 -29.493
v 0.072 47.062 -23.737
v 0.072 47.062 -20.536
v 0.089 60.132 -23.795
v 0.089 60.132 -20.875
v 19.296 42.269 -23.442
v 19.296 42.269 -21.273
v 15.606 90.566 -27.407
v 15.606 90.566 -26.137
v 19.101 47.062 -23.737
v 19.101 47.062 -20.536
v 18.151 60.132 -23.795
v 18.151 60.132 -20.875
v -18.938 42.269 -23.442
v -18.938 42.269 -21.273
v -15.349 90.566 -27.381
v -15.349 90.566 -26.137
v -18.767 47.062 -23.737
v -18.767 47.062 -20.536
v -17.91 60.132 -23.795
v -17.91 60.132 -20.875
v -17.42 87.703 -26.409
v -17.42 87.703 -25.064
v 17.832 87.703 -26.409
v 17.832 87.703 -25.064
v 0.257 87.703 -29.627
v 0.257 87.703 -27.931
v 15.883 87.703 -27.152
v 15.883 87.703 -25.135
v -15.631 87.703 -27.045
v -15.631 87.703 -25.135
v -10.241 42.269 -23.442
v -10.241 42.269 -21.273
v -8.181 90.566 -29.468
v -8.181 90.566 -28.318
v -10.147 47.062 -23.737
v -10.147 47.062 -20.536
v -9.67 60.132 -23.795
v -9.67 60.132 -20.875
v -8.346 87.703 -28.487
v -8.346 87.703 -26.952
v 10.457 42.269 -23.442
v 10.457 42.269 -21.273
v 8.584 90.566 -29.575
v 8.584 90.566 -28.318
v 10.353 47.062 -23.737
v 10.353 47.062 -20.536
v 9.855 60.132 -23.795
v 9.855 60.132 -20.875
v 8.722 87.703 -28.916
v 8.722 87.703 -26.952
v -18.731 75.245 -24.465
v -18.731 75.245 -22.804
v 19.143 75.245 -24.465
v 19.143 75.245 -22.804
v 0.164 75.245 -25.44
v 0.164 75.245 -23.03
v 17.036 75.245 -24.961
v 17.036 75.245 -22.47
v -16.803 75.245 -24.934
v -16.803 75.245 -22.47
v -9.03 75.245 -25.204
v -9.03 75.245 -22.834
v 9.294 75.245 -25.311
v 9.294 75.245 -22.834
v -21.108 42.368 -22.348
v 21.673 42.368 -22.348
v -17.092 90.549 -26.281
v 17.495 90.549 -26.281
v -21.094 43.77 -23.275
v -21.094 43.77 -21.203
v 21.66 43.77 -23.275
v 21.66 43.77 -21.203
v -21.023 47.062 -22.137
v 21.606 47.062 -22.137
v -20.052 60.132 -22.335
v 20.527 60.132 -22.335
v 0.07 41.837 -22.401
v 0.28 90.643 -30.133
v 0.071 43.733 -23.798
v 0.071 43.733 -20.686
v 21.139 42.318 -23.391
v 21.139 42.318 -21.314
v 17.07 90.558 -26.952
v 17.07 90.558 -25.736
v 20.935 47.062 -23.671
v 20.935 47.062 -20.603
v 19.89 60.132 -23.734
v 19.89 60.132 -20.935
v 19.296 41.837 -22.401
v 15.599 90.643 -26.787
v 19.272 43.733 -23.798
v 19.272 43.733 -20.686
v -20.669 42.318 -23.391
v -20.669 42.318 -21.314
v -16.753 90.558 -26.948
v -16.753 90.558 -25.736
v -20.489 47.062 -23.671
v -20.489 47.062 -20.603
v -19.55 60.132 -23.734
v -19.55 60.132 -20.935
v -18.938 41.837 -22.401
v -15.343 90.643 -26.784
v -18.916 43.733 -23.798
v -18.916 43.733 -20.686
v -17.152 90.048 -26.799
v -17.152 90.048 -25.572
v 17.559 90.048 -26.799
v 17.559 90.048 -25.572
v 0.275 90.055 -30.641
v 0.275 90.055 -29.029
v 15.653 90.055 -27.586
v 15.653 90.055 -25.743
v -15.397 90.055 -27.509
v -15.397 90.055 -25.743
v -17.485 87.703 -25.737
v 17.934 87.703 -25.737
v 17.384 87.703 -26.754
v 17.384 87.703 -24.821
v -17.065 87.703 -26.741
v -17.065 87.703 -24.821
v -18.402 52.859 -20.594
v -18.402 52.859 -23.681
v 18.689 52.859 -20.594
v 18.689 52.859 -23.681
v 0.075 52.859 -20.594
v 0.075 52.859 -23.681
v 21.017 52.859 -21.108
v 21.017 52.859 -23.166
v -20.525 52.859 -21.108
v -20.525 52.859 -23.166
v -5.093 42.269 -23.442
v -15.188 42.269 -23.442
v -5.093 42.269 -21.273
v -15.188 42.269 -21.273
v -3.937 90.566 -30.329
v -12.265 90.566 -28.333
v -3.937 90.566 -29.175
v -12.265 90.566 -27.142
v -5.044 47.062 -23.737
v -15.051 47.062 -23.737
v -5.044 47.062 -20.536
v -15.051 47.062 -20.536
v -4.791 60.132 -23.795
v -14.359 60.132 -23.795
v -4.791 60.132 -20.875
v -14.359 60.132 -20.875
v -4.032 87.703 -29.221
v -12.495 87.703 -27.675
v -4.032 87.703 -27.666
v -12.496 87.703 -25.972
v -10.241 41.837 -22.401
v -8.178 90.643 -28.953
v -10.23 43.733 -23.798
v -10.23 43.733 -20.686
v -9.946 52.859 -23.681
v -9.946 52.859 -20.594
v -8.209 90.055 -29.375
v -8.209 90.055 -27.878
v 5.257 42.269 -23.442
v 15.464 42.269 -23.442
v 5.257 42.269 -21.273
v 15.464 42.269 -21.273
v 4.446 90.566 -30.403
v 12.561 90.566 -28.41
v 4.446 90.566 -29.175
v 12.561 90.566 -27.142
v 5.207 47.062 -23.737
v 15.309 47.062 -23.737
v 5.207 47.062 -20.536
v 15.309 47.062 -20.536
v 4.971 60.132 -23.795
v 14.554 60.132 -23.795
v 4.971 60.132 -20.875
v 14.554 60.132 -20.875
v 4.502 87.703 -29.516
v 12.778 87.703 -27.982
v 4.502 87.703 -27.666
v 12.778 87.703 -25.972
v 10.457 41.837 -22.401
v 8.581 90.643 -28.966
v 10.444 43.733 -23.798
v 10.444 43.733 -20.686
v 10.135 52.859 -23.681
v 10.135 52.859 -20.594
v 8.607 90.055 -29.683
v 8.607 90.055 -27.878
v -19.382 67.701 -23.721
v -18.007 82.389 -25.498
v -19.382 67.701 -21.906
v -18.007 82.389 -24.012
v 19.797 67.701 -23.721
v 18.419 82.389 -25.498
v 19.797 67.701 -21.906
v 18.419 82.389 -24.012
v 0.12 67.701 -24.245
v 0.215 82.389 -27.56
v 0.12 67.701 -21.532
v 0.215 82.389 -25.562
v 17.612 67.701 -24.185
v 16.399 82.389 -26.113
v 17.612 67.701 -21.462
v 16.399 82.389 -23.884
v -17.385 67.701 -24.182
v -16.156 82.389 -26.036
v -17.385 67.701 -21.462
v -16.156 82.389 -23.884
v -8.652 82.389 -26.857
v -9.369 67.701 -24.216
v -9.369 67.701 -21.507
v -8.652 82.389 -24.975
v 9.581 67.701 -24.229
v 8.978 82.389 -27.165
v 9.581 67.701 -21.507
v 8.978 82.389 -24.975
v -18.805 75.245 -23.634
v 19.253 75.245 -23.634
v 18.659 75.245 -24.838
v 18.659 75.245 -22.451
v -18.343 75.245 -24.835
v -18.343 75.245 -22.451
v -4.427 75.245 -25.352
v -13.456 75.245 -25.05
v -4.427 75.245 -22.977
v -13.456 75.245 -22.638
v 13.68 75.245 -25.127
v 4.735 75.245 -25.425
v 13.68 75.245 -22.638
v 4.735 75.245 -22.977
v -21.179 43.752 -22.24
v 21.781 43.752 -22.24
v -20.61 52.859 -22.137
v 21.139 52.859 -22.137
v 21.144 41.904 -22.395
v 17.068 90.632 -26.358
v 21.12 43.742 -23.732
v 21.12 43.742 -20.751
v 20.483 52.859 -23.616
v 20.483 52.859 -20.658
v -20.673 41.904 -22.395
v -16.75 90.632 -26.357
v -20.651 43.742 -23.732
v -20.651 43.742 -20.751
v -20.089 52.859 -23.616
v -20.089 52.859 -20.658
v -17.213 90.051 -26.186
v 17.655 90.051 -26.186
v 17.128 90.053 -27.129
v 17.128 90.053 -25.363
v -16.809 90.053 -27.12
v -16.809 90.053 -25.363
v -15.188 41.837 -22.401
v -5.093 41.837 -22.401
v -12.26 90.643 -27.782
v -3.934 90.643 -29.81
v -15.171 43.733 -23.798
v -5.086 43.733 -23.798
v -15.171 43.733 -20.686
v -5.086 43.733 -20.686
v -14.757 52.859 -23.681
v -4.939 52.859 -23.681
v -14.757 52.859 -20.594
v -4.939 52.859 -20.594
v -3.953 90.055 -30.228
v -12.304 90.055 -28.344
v -3.953 90.055 -28.717
v -12.304 90.055 -26.726
v 5.257 41.837 -22.401
v 15.464 41.837 -22.401
v 4.445 90.643 -29.819
v 12.557 90.643 -27.791
v 5.251 43.733 -23.798
v 15.445 43.733 -23.798
v 5.251 43.733 -20.686
v 15.445 43.733 -20.686
v 5.102 52.859 -23.681
v 14.981 52.859 -23.681
v 5.102 52.859 -20.594
v 14.981 52.859 -20.594
v 12.598 90.055 -28.565
v 4.456 90.055 -30.44
v 12.598 90.055 -26.726
v 4.456 90.055 -28.717
v -19.46 67.701 -22.813
v -18.076 82.389 -24.755
v 19.912 67.701 -22.813
v 18.525 82.389 -24.755
v 17.955 82.389 -25.853
v 19.295 67.701 -24.12
v 19.295 67.701 -21.51
v 17.955 82.389 -23.717
v -17.637 82.389 -25.844
v -18.977 67.701 -24.119
v -18.977 67.701 -21.51
v -17.637 82.389 -23.717
v -4.622 67.701 -24.234
v -4.208 82.389 -27.3
v -13.932 67.701 -24.196
v -12.925 82.389 -26.39
v -4.209 82.389 -25.403
v -4.622 67.701 -21.525
v -12.925 82.389 -24.386
v -13.932 67.701 -21.483
v 14.13 67.701 -24.206
v 13.182 82.389 -26.611
v 4.853 67.701 -24.243
v 4.607 82.389 -27.512
v 13.182 82.389 -24.386
v 14.13 67.701 -21.483
v 4.607 82.389 -25.403
v 4.853 67.701 -21.525
usemtl silla-verde
s 1
f 1 90 249 85
f 90 10 93 249
f 249 93 9 89
f 85 249 89 2
f 3 91 250 86
f 91 11 94 250
f 250 94 12 92
f 86 250 92 4
f 10 149 251 93
f 149 14 95 251
f 251 95 13 150
f 93 251 150 9
f 11 148 252 94
f 148 15 96 252
f 252 96 16 147
f 94 252 147 12
f 25 101 253 109
f 101 3 86 253
f 253 86 4 102
f 109 253 102 26
f 28 104 254 110
f 104 8 88 254
f 254 88 7 103
f 110 254 103 27
f 29 105 255 111
f 105 11 91 255
f 255 91 3 101
f 111 255 101 25
f 26 102 256 112
f 102 4 92 256
f 256 92 12 106
f 112 256 106 30
f 31 107 257 144
f 107 15 148 257
f 257 148 11 105
f 144 257 105 29
f 30 106 258 143
f 106 12 147 258
f 258 147 16 108
f 143 258 108 32
f 34 114 259 121
f 114 1 85 259
f 259 85 2 113
f 121 259 113 33
f 5 116 260 87
f 116 36 122 260
f 260 122 35 115
f 87 260 115 6
f 9 117 261 89
f 117 37 123 261
f 261 123 33 113
f 89 261 113 2
f 1 114 262 90
f 114 34 124 262
f 262 124 38 118
f 90 262 118 10
f 13 119 263 150
f 119 39 142 263
f 263 142 37 117
f 150 263 117 9
f 10 118 264 149
f 118 38 141 264
f 264 141 40 120
f 149 264 120 14
f 42 126 265 135
f 126 5 87 265
f 265 87 6 125
f 135 265 125 41
f 43 127 266 136
f 127 7 88 266
f 266 88 8 128
f 136 266 128 44
f 7 127 267 103
f 127 43 137 267
f 267 137 47 131
f 103 267 131 27
f 44 128 268 138
f 128 8 104 268
f 268 104 28 132
f 138 268 132 48
f 35 133 269 115
f 133 49 139 269
f 269 139 41 125
f 115 269 125 6
f 50 134 270 140
f 134 36 116 270
f 270 116 5 126
f 140 270 126 42
f 33 152 271 121
f 152 51 171 271
f 271 171 52 154
f 121 271 154 34
f 51 151 272 171
f 151 17 97 272
f 272 97 18 153
f 171 272 153 52
f 36 158 273 122
f 158 54 172 273
f 273 172 53 156
f 122 273 156 35
f 54 157 274 172
f 157 20 98 274
f 274 98 19 155
f 172 274 155 53
f 37 160 275 123
f 160 55 173 275
f 275 173 51 152
f 123 275 152 33
f 55 159 276 173
f 159 21 99 276
f 276 99 17 151
f 173 276 151 51
f 34 154 277 124
f 154 52 174 277
f 277 174 56 162
f 124 277 162 38
f 52 153 278 174
f 153 18 100 278
f 278 100 22 161
f 174 278 161 56
f 39 164 279 142
f 164 57 175 279
f 279 175 55 160
f 142 279 160 37
f 57 163 280 175
f 163 23 146 280
f 280 146 21 159
f 175 280 159 55
f 38 162 281 141
f 162 56 176 281
f 281 176 58 166
f 141 281 166 40
f 56 161 282 176
f 161 22 145 282
f 282 145 24 165
f 176 282 165 58
f 45 167 283 129
f 167 59 177 283
f 283 177 53 155
f 129 283 155 19
f 59 168 284 177
f 168 49 133 284
f 284 133 35 156
f 177 284 156 53
f 20 157 285 130
f 157 54 178 285
f 285 178 60 169
f 130 285 169 46
f 54 158 286 178
f 158 36 134 286
f 286 134 50 170
f 178 286 170 60
f 17 179 287 97
f 179 61 199 287
f 287 199 62 181
f 97 287 181 18
f 61 180 288 199
f 180 25 109 288
f 288 109 26 182
f 199 288 182 62
f 20 185 289 98
f 185 64 200 289
f 289 200 63 183
f 98 289 183 19
f 64 186 290 200
f 186 28 110 290
f 290 110 27 184
f 200 290 184 63
f 21 187 291 99
f 187 65 201 291
f 291 201 61 179
f 99 291 179 17
f 65 188 292 201
f 188 29 111 292
f 292 111 25 180
f 201 292 180 61
f 18 181 293 100
f 181 62 202 293
f 293 202 66 189
f 100 293 189 22
f 62 182 294 202
f 182 26 112 294
f 294 112 30 190
f 202 294 190 66
f 23 191 295 146
f 191 67 203 295
f 295 203 65 187
f 146 295 187 21
f 67 192 296 203
f 192 31 144 296
f 296 144 29 188
f 203 296 188 65
f 22 189 297 145
f 189 66 204 297
f 297 204 68 193
f 145 297 193 24
f 66 190 298 204
f 190 30 143 298
f 298 143 32 194
f 204 298 194 68
f 47 196 299 131
f 196 69 205 299
f 299 205 63 184
f 131 299 184 27
f 69 195 300 205
f 195 45 129 300
f 300 129 19 183
f 205 300 183 63
f 28 186 301 132
f 186 64 206 301
f 301 206 70 198
f 132 301 198 48
f 64 185 302 206
f 185 20 130 302
f 302 130 46 197
f 206 302 197 70
f 14 209 303 95
f 209 72 235 303
f 303 235 71 207
f 95 303 207 13
f 72 210 304 235
f 210 42 135 304
f 304 135 41 208
f 235 304 208 71
f 15 211 305 96
f 211 73 236 305
f 305 236 74 213
f 96 305 213 16
f 73 212 306 236
f 212 43 136 306
f 306 136 44 214
f 236 306 214 74
f 43 212 307 137
f 212 73 237 307
f 307 237 77 220
f 137 307 220 47
f 73 211 308 237
f 211 15 107 308
f 308 107 31 219
f 237 308 219 77
f 16 213 309 108
f 213 74 238 309
f 309 238 78 221
f 108 309 221 32
f 74 214 310 238
f 214 44 138 310
f 310 138 48 222
f 238 310 222 78
f 49 224 311 139
f 224 79 239 311
f 311 239 71 208
f 139 311 208 41
f 79 223 312 239
f 223 39 119 312
f 312 119 13 207
f 239 312 207 71
f 40 225 313 120
f 225 80 240 313
f 313 240 72 209
f 120 313 209 14
f 80 226 314 240
f 226 50 140 314
f 314 140 42 210
f 240 314 210 72
f 57 228 315 163
f 228 81 241 315
f 315 241 75 215
f 163 315 215 23
f 81 227 316 241
f 227 59 167 316
f 316 167 45 216
f 241 316 216 75
f 39 223 317 164
f 223 79 242 317
f 317 242 81 228
f 164 317 228 57
f 79 224 318 242
f 224 49 168 318
f 318 168 59 227
f 242 318 227 81
f 60 230 319 169
f 230 82 243 319
f 319 243 76 218
f 169 319 218 46
f 82 229 320 243
f 229 58 165 320
f 320 165 24 217
f 243 320 217 76
f 50 226 321 170
f 226 80 244 321
f 321 244 82 230
f 170 321 230 60
f 80 225 322 244
f 225 40 166 322
f 322 166 58 229
f 244 322 229 82
f 67 231 323 192
f 231 83 245 323
f 323 245 77 219
f 192 323 219 31
f 83 232 324 245
f 232 69 196 324
f 324 196 47 220
f 245 324 220 77
f 23 215 325 191
f 215 75 246 325
f 325 246 83 231
f 191 325 231 67
f 75 216 326 246
f 216 45 195 326
f 326 195 69 232
f 246 326 232 83
f 70 234 327 198
f 234 84 247 327
f 327 247 78 222
f 198 327 222 48
f 84 233 328 247
f 233 68 194 328
f 328 194 32 221
f 247 328 221 78
f 46 218 329 197
f 218 76 248 329
f 329 248 84 234
f 197 329 234 70
f 76 217 330 248
f 217 24 193 330
f 330 193 68 233
f 248 330 233 84
o Cylinder.013_Cylinder.018
v -19.779 0 19.038
v -20.022 0 19.014
v -20.255 0 18.943
v -20.471 0 18.828
v -20.659 0 18.674
v -20.814 0 18.485
v -20.929 0 18.269
v -21 0 18.036
v -21.024 0 17.793
v -21 0 17.55
v -20.929 0 17.316
v -20.814 0 17.101
v -20.659 0 16.912
v -20.471 0 16.757
v -20.255 0 16.642
v -20.022 0 16.571
v -19.779 0 16.548
v -19.536 0 16.571
v -19.302 0 16.642
v -19.087 0 16.757
v -18.898 0 16.912
v -18.743 0 17.101
v -18.628 0 17.316
v -18.557 0 17.55
v -18.533 0 17.793
v -18.557 0 18.036
v -18.628 0 18.269
v -18.743 0 18.485
v -18.898 0 18.674
v -19.087 0 18.828
v -19.302 0 18.943
v -19.536 0 19.014
v -19.779 47 19.293
v -20.071 47 19.264
v -20.353 47 19.179
v -20.612 47 19.04
v -20.839 47 18.854
v -21.026 47 18.626
v -21.165 47 18.367
v -21.25 47 18.086
v -21.279 47 17.793
v -21.25 47 17.5
v -21.165 47 17.219
v -21.026 47 16.96
v -20.839 47 16.732
v -20.612 47 16.546
v -20.353 47 16.407
v -20.071 47 16.322
v -19.779 47 16.293
v -19.486 47 16.322
v -19.205 47 16.407
v -18.945 47 16.546
v -18.718 47 16.732
v -18.531 47 16.96
v -18.393 47 17.219
v -18.308 47 17.5
v -18.279 47 17.793
v -18.308 47 18.086
v -18.393 47 18.367
v -18.531 47 18.626
v -18.718 47 18.854
v -18.945 47 19.04
v -19.205 47 19.179
v -19.486 47 19.264
v -19.779 0 17.793
v -19.779 47 17.793
v -19.779 45.014 -22.058
v -19.779 0 -27.37
v -19.486 45.014 -20.587
v -19.205 45.014 -20.672
v -18.945 45.014 -20.811
v -18.718 45.014 -20.997
v -18.531 45.014 -21.225
v -18.393 45.014 -21.484
v -18.308 45.014 -21.765
v -18.279 45.014 -22.058
v -18.308 45.014 -22.351
v -18.393 45.014 -22.632
v -18.532 45.014 -22.891
v -18.718 45.014 -23.119
v -18.945 45.014 -23.305
v -19.205 45.014 -23.444
v -19.486 45.014 -23.529
v -19.779 45.014 -23.558
v -20.071 45.014 -23.529
v -20.353 45.014 -23.444
v -20.612 45.014 -23.305
v -20.839 45.014 -23.119
v -21.026 45.014 -22.891
v -21.165 45.014 -22.632
v -21.25 45.014 -22.351
v -21.279 45.014 -22.058
v -21.25 45.014 -21.765
v -21.165 45.014 -21.484
v -21.026 45.014 -21.225
v -20.839 45.014 -20.997
v -20.612 45.014 -20.811
v -20.353 45.014 -20.672
v -20.071 45.014 -20.587
v -19.779 45.014 -20.558
v -19.536 0 -26.149
v -19.302 0 -26.22
v -19.087 0 -26.335
v -18.898 0 -26.489
v -18.743 0 -26.678
v -18.628 0 -26.894
v -18.557 0 -27.127
v -18.533 0 -27.37
v -18.557 0 -27.613
v -18.628 0 -27.847
v -18.743 0 -28.062
v -18.898 0 -28.251
v -19.087 0 -28.406
v -19.302 0 -28.521
v -19.536 0 -28.592
v -19.779 0 -28.615
v -20.022 0 -28.592
v -20.255 0 -28.521
v -20.471 0 -28.406
v -20.659 0 -28.251
v -20.814 0 -28.062
v -20.929 0 -27.847
v -21 0 -27.613
v -21.024 0 -27.37
v -21 0 -27.127
v -20.929 0 -26.894
v -20.814 0 -26.678
v -20.659 0 -26.49
v -20.471 0 -26.335
v -20.255 0 -26.22
v -20.022 0 -26.149
v -19.779 0 -26.125
v 20.072 0 19.038
v 20.315 0 19.014
v 20.549 0 18.943
v 20.764 0 18.828
v 20.953 0 18.673
v 21.108 0 18.485
v 21.223 0 18.269
v 21.294 0 18.036
v 21.318 0 17.793
v 21.294 0 17.55
v 21.223 0 17.316
v 21.108 0 17.101
v 20.953 0 16.912
v 20.764 0 16.757
v 20.549 0 16.642
v 20.315 0 16.571
v 20.072 0 16.548
v 19.829 0 16.571
v 19.596 0 16.642
v 19.38 0 16.757
v 19.192 0 16.912
v 19.037 0 17.101
v 18.922 0 17.316
v 18.851 0 17.55
v 18.827 0 17.793
v 18.851 0 18.036
v 18.922 0 18.269
v 19.037 0 18.485
v 19.192 0 18.674
v 19.38 0 18.828
v 19.596 0 18.943
v 19.829 0 19.014
v 20.072 47 19.293
v 20.365 47 19.264
v 20.646 47 19.179
v 20.906 47 19.04
v 21.133 47 18.854
v 21.32 47 18.626
v 21.458 47 18.367
v 21.544 47 18.086
v 21.572 47 17.793
v 21.544 47 17.5
v 21.458 47 17.219
v 21.32 47 16.96
v 21.133 47 16.732
v 20.906 47 16.546
v 20.646 47 16.407
v 20.365 47 16.322
v 20.072 47 16.293
v 19.78 47 16.322
v 19.498 47 16.407
v 19.239 47 16.546
v 19.012 47 16.732
v 18.825 47 16.96
v 18.687 47 17.219
v 18.601 47 17.5
v 18.572 47 17.793
v 18.601 47 18.086
v 18.687 47 18.367
v 18.825 47 18.626
v 19.012 47 18.854
v 19.239 47 19.04
v 19.498 47 19.179
v 19.78 47 19.264
v 20.072 0 17.793
v 20.072 47 17.793
v 20.072 45.014 -22.058
v 20.072 0 -27.37
v 19.78 45.014 -20.587
v 19.498 45.014 -20.672
v 19.239 45.014 -20.811
v 19.012 45.014 -20.997
v 18.825 45.014 -21.225
v 18.687 45.014 -21.484
v 18.601 45.014 -21.765
v 18.572 45.014 -22.058
v 18.601 45.014 -22.351
v 18.687 45.014 -22.632
v 18.825 45.014 -22.891
v 19.012 45.014 -23.119
v 19.239 45.014 -23.305
v 19.498 45.014 -23.444
v 19.78 45.014 -23.529
v 20.072 45.014 -23.558
v 20.365 45.014 -23.529
v 20.646 45.014 -23.444
v 20.906 45.014 -23.305
v 21.133 45.014 -23.119
v 21.32 45.014 -22.891
v 21.458 45.014 -22.632
v 21.544 45.014 -22.351
v 21.572 45.014 -22.058
v 21.544 45.014 -21.765
v 21.458 45.014 -21.484
v 21.32 45.014 -21.225
v 21.133 45.014 -20.997
v 20.906 45.014 -20.811
v 20.646 45.014 -20.672
v 20.365 45.014 -20.587
v 20.072 45.014 -20.558
v 19.829 0 -26.149
v 19.596 0 -26.22
v 19.38 0 -26.335
v 19.192 0 -26.49
v 19.037 0 -26.678
v 18.922 0 -26.894
v 18.851 0 -27.127
v 18.827 0 -27.37
v 18.851 0 -27.613
v 18.922 0 -27.847
v 19.037 0 -28.062
v 19.192 0 -28.251
v 19.38 0 -28.406
v 19.596 0 -28.521
v 19.829 0 -28.592
v 20.072 0 -28.615
v 20.315 0 -28.592
v 20.549 0 -28.521
v 20.764 0 -28.406
v 20.953 0 -28.251
v 21.108 0 -28.062
v 21.223 0 -27.847
v 21.294 0 -27.613
v 21.318 0 -27.37
v 21.294 0 -27.127
v 21.223 0 -26.894
v 21.108 0 -26.678
v 20.953 0 -26.49
v 20.764 0 -26.335
v 20.549 0 -26.22
v 20.315 0 -26.149
v 20.072 0 -26.125
usemtl silla-verde
s off
f 395 331 332
f 396 364 363
f 395 332 333
f 396 365 364
f 395 333 334
f 396 366 365
f 395 334 335
f 396 367 366
f 395 335 336
f 396 368 367
f 395 336 337
f 396 369 368
f 395 337 338
f 396 370 369
f 395 338 339
f 396 371 370
f 395 339 340
f 396 372 371
f 395 340 341
f 396 373 372
f 395 341 342
f 396 374 373
f 395 342 343
f 396 375 374
f 395 343 344
f 396 376 375
f 395 344 345
f 396 377 376
f 395 345 346
f 396 378 377
f 395 346 347
f 396 379 378
f 395 347 348
f 396 380 379
f 395 348 349
f 396 381 380
f 395 349 350
f 396 382 381
f 395 350 351
f 396 383 382
f 395 351 352
f 396 384 383
f 395 352 353
f 396 385 384
f 395 353 354
f 396 386 385
f 395 354 355
f 396 387 386
f 395 355 356
f 396 388 387
f 395 356 357
f 396 389 388
f 395 357 358
f 396 390 389
f 395 358 359
f 396 391 390
f 395 359 360
f 396 392 391
f 395 360 361
f 396 393 392
f 395 361 362
f 396 394 393
f 362 331 395
f 396 363 394
f 331 363 364 332
f 332 364 365 333
f 333 365 366 334
f 334 366 367 335
f 335 367 368 336
f 336 368 369 337
f 337 369 370 338
f 338 370 371 339
f 339 371 372 340
f 340 372 373 341
f 341 373 374 342
f 342 374 375 343
f 343 375 376 344
f 344 376 377 345
f 345 377 378 346
f 346 378 379 347
f 347 379 380 348
f 348 380 381 349
f 349 381 382 350
f 350 382 383 351
f 351 383 384 352
f 352 384 385 353
f 353 385 386 354
f 354 386 387 355
f 355 387 388 356
f 356 388 389 357
f 357 389 390 358
f 358 390 391 359
f 359 391 392 360
f 360 392 393 361
f 361 393 394 362
f 363 331 362 394
f 430 462 431 399
f 432 400 399 431
f 433 401 400 432
f 434 402 401 433
f 435 403 402 434
f 436 404 403 435
f 437 405 404 436
f 438 406 405 437
f 439 407 406 438
f 440 408 407 439
f 441 409 408 440
f 442 410 409 441
f 443 411 410 442
f 444 412 411 443
f 445 413 412 444
f 446 414 413 445
f 447 415 414 446
f 448 416 415 447
f 449 417 416 448
f 450 418 417 449
f 451 419 418 450
f 452 420 419 451
f 453 421 420 452
f 454 422 421 453
f 455 423 422 454
f 456 424 423 455
f 457 425 424 456
f 458 426 425 457
f 459 427 426 458
f 460 428 427 459
f 461 429 428 460
f 462 430 429 461
f 397 430 399
f 431 462 398
f 397 399 400
f 398 432 431
f 397 400 401
f 398 433 432
f 397 401 402
f 398 434 433
f 397 402 403
f 398 435 434
f 397 403 404
f 398 436 435
f 397 404 405
f 398 437 436
f 397 405 406
f 398 438 437
f 397 406 407
f 398 439 438
f 397 407 408
f 398 440 439
f 397 408 409
f 398 441 440
f 397 409 410
f 398 442 441
f 397 410 411
f 398 443 442
f 397 411 412
f 398 444 443
f 397 412 413
f 398 445 444
f 397 413 414
f 398 446 445
f 397 414 415
f 398 447 446
f 397 415 416
f 398 448 447
f 397 416 417
f 398 449 448
f 397 417 418
f 398 450 449
f 397 418 419
f 398 451 450
f 397 419 420
f 398 452 451
f 397 420 421
f 398 453 452
f 397 421 422
f 398 454 453
f 397 422 423
f 398 455 454
f 397 423 424
f 398 456 455
f 397 424 425
f 398 457 456
f 397 425 426
f 398 458 457
f 397 426 427
f 398 459 458
f 397 427 428
f 398 460 459
f 397 428 429
f 398 461 460
f 397 429 430
f 398 462 461
f 527 464 463
f 528 495 496
f 527 465 464
f 528 496 497
f 527 466 465
f 528 497 498
f 527 467 466
f 528 498 499
f 527 468 467
f 528 499 500
f 527 469 468
f 528 500 501
f 527 470 469
f 528 501 502
f 527 471 470
f 528 502 503
f 527 472 471
f 528 503 504
f 527 473 472
f 528 504 505
f 527 474 473
f 528 505 506
f 527 475 474
f 528 506 507
f 527 476 475
f 528 507 508
f 527 477 476
f 528 508 509
f 527 478 477
f 528 509 510
f 527 479 478
f 528 510 511
f 527 480 479
f 528 511 512
f 527 481 480
f 528 512 513
f 527 482 481
f 528 513 514
f 527 483 482
f 528 514 515
f 527 484 483
f 528 515 516
f 527 485 484
f 528 516 517
f 527 486 485
f 528 517 518
f 527 487 486
f 528 518 519
f 527 488 487
f 528 519 520
f 527 489 488
f 528 520 521
f 527 490 489
f 528 521 522
f 527 491 490
f 528 522 523
f 527 492 491
f 528 523 524
f 527 493 492
f 528 524 525
f 527 494 493
f 528 525 526
f 494 527 463
f 528 526 495
f 463 464 496 495
f 464 465 497 496
f 465 466 498 497
f 466 467 499 498
f 467 468 500 499
f 468 469 501 500
f 469 470 502 501
f 470 471 503 502
f 471 472 504 503
f 472 473 505 504
f 473 474 506 505
f 474 475 507 506
f 475 476 508 507
f 476 477 509 508
f 477 478 510 509
f 478 479 511 510
f 479 480 512 511
f 480 481 513 512
f 481 482 514 513
f 482 483 515 514
f 483 484 516 515
f 484 485 517 516
f 485 486 518 517
f 486 487 519 518
f 487 488 520 519
f 488 489 521 520
f 489 490 522 521
f 490 491 523 522
f 491 492 524 523
f 492 493 525 524
f 493 494 526 525
f 495 526 494 463
f 562 531 563 594
f 564 563 531 532
f 565 564 532 533
f 566 565 533 534
f 567 566 534 535
f 568 567 535 536
f 569 568 536 537
f 570 569 537 538
f 571 570 538 539
f 572 571 539 540
f 573 572 540 541
f 574 573 541 542
f 575 574 542 543
f 576 575 543 544
f 577 576 544 545
f 578 577 545 546
f 579 578 546 547
f 580 579 547 548
f 581 580 548 549
f 582 581 549 550
f 583 582 550 551
f 584 583 551 552
f 585 584 552 553
f 586 585 553 554
f 587 586 554 555
f 588 587 555 556
f 589 588 556 557
f 590 589 557 558
f 591 590 558 559
f 592 591 559 560
f 593 592 560 561
f 594 593 561 562
f 529 531 562
f 563 530 594
f 529 532 531
f 530 563 564
f 529 533 532
f 530 564 565
f 529 534 533
f 530 565 566
f 529 535 534
f 530 566 567
f 529 536 535
f 530 567 568
f 529 537 536
f 530 568 569
f 529 538 537
f 530 569 570
f 529 539 538
f 530 570 571
f 529 540 539
f 530 571 572
f 529 541 540
f 530 572 573
f 529 542 541
f 530 573 574
f 529 543 542
f 530 574 575
f 529 544 543
f 530 575 576
f 529 545 544
f 530 576 577
f 529 546 545
f 530 577 578
f 529 547 546
f 530 578 579
f 529 548 547
f 530 579 580
f 529 549 548
f 530 580 581
f 529 550 549
f 530 581 582
f 529 551 550
f 530 582 583
f 529 552 551
f 530 583 584
f 529 553 552
f 530 584 585
f 529 554 553
f 530 585 586
f 529 555 554
f 530 586 587
f 529 556 555
f 530 587 588
f 529 557 556
f 530 588 589
f 529 558 557
f 530 589 590
f 529 559 558
f 530 590 591
f 529 560 559
f 530 591 592
f 529 561 560
f 530 592 593
f 529 562 561
f 530 593 594
o Plane.009_Plane.015
v -21.451 46.788 19.463
v -20.025 45.425 -20.025
v 20.189 45.425 -20.025
v 21.615 46.788 19.463
v 20.189 47.841 -20.025
v 21.615 49.204 19.463
v -21.451 49.204 19.463
v -20.025 47.841 -20.025
v 9.494 43.658 -20.123
v 10.161 45.021 19.531
v 10.161 47.552 19.531
v 9.494 46.189 -20.123
v -9.511 43.658 -20.123
v -10.191 45.021 19.531
v -10.191 47.552 19.531
v -9.511 46.189 -20.123
v -0.027 43.215 -20.123
v -0.035 44.579 19.531
v -0.035 47.11 19.531
v -0.027 45.747 -20.123
v 21.668 48.602 19.531
v 20.239 47.239 -20.123
v -21.503 48.602 19.531
v -20.075 47.239 -20.123
v 10.161 46.893 19.667
v 9.494 45.53 -20.319
v -10.191 46.893 19.667
v -9.511 45.53 -20.319
v -0.035 46.451 19.667
v -0.027 45.088 -20.319
v 21.668 47.453 19.531
v 20.239 46.09 -20.123
v -21.503 47.453 19.531
v -20.075 46.09 -20.123
v 10.161 45.744 19.667
v 9.494 44.381 -20.319
v -10.191 45.744 19.667
v -9.511 44.381 -20.319
v -0.035 45.302 19.667
v -0.027 43.939 -20.319
v -21.265 46.502 12.654
v 21.429 46.502 12.654
v 21.429 49.034 12.654
v -21.265 49.034 12.654
v 10.05 44.67 12.654
v 10.05 47.433 12.654
v -10.078 44.67 12.654
v -10.078 47.433 12.654
v -0.033 44.228 12.654
v -0.033 46.99 12.654
v 21.534 48.38 12.654
v -21.37 48.38 12.654
v 21.534 47.231 12.654
v -21.37 47.231 12.654
v -20.313 45.593 -13.007
v 20.477 45.593 -13.007
v 20.477 48.125 -13.007
v -20.313 48.125 -13.007
v 9.605 43.761 -13.007
v 9.605 46.524 -13.007
v -9.625 43.761 -13.007
v -9.625 46.524 -13.007
v -0.028 43.319 -13.007
v -0.028 46.082 -13.007
v 20.577 47.471 -13.007
v -20.412 47.471 -13.007
v 20.577 46.322 -13.007
v -20.412 46.322 -13.007
v -17.978 45.015 -20.123
v -19.258 46.378 19.531
v -19.258 48.91 19.531
v -17.978 47.547 -20.123
v -19.258 48.251 19.667
v -17.978 46.888 -20.319
v -19.258 47.102 19.667
v -17.978 45.739 -20.319
v -19.045 46.028 12.654
v -19.045 48.79 12.654
v -18.191 45.119 -13.007
v -18.191 47.882 -13.007
v 18.104 45.016 -20.123
v 19.382 46.379 19.531
v 19.382 48.91 19.531
v 18.104 47.547 -20.123
v 19.382 48.251 19.667
v 18.104 46.888 -20.319
v 19.382 47.102 19.667
v 18.104 45.739 -20.319
v 19.169 46.028 12.654
v 19.169 48.791 12.654
v 18.317 45.119 -13.007
v 18.317 47.882 -13.007
v 4.665 43.299 -20.123
v -4.714 43.299 -20.123
v 4.99 44.662 19.531
v -5.054 44.662 19.531
v -5.054 47.194 19.531
v 4.99 47.194 19.531
v -4.714 45.831 -20.123
v 4.665 45.831 -20.123
v 21.659 49.01 19.519
v 20.23 47.647 -20.106
v -21.494 49.01 19.519
v -20.066 47.647 -20.106
v 10.161 47.309 19.65
v 9.494 45.946 -20.295
v -10.192 47.309 19.65
v -9.511 45.946 -20.295
v -0.035 46.867 19.65
v -0.027 45.504 -20.295
v 4.99 46.535 19.667
v -5.054 46.535 19.667
v -4.714 45.172 -20.319
v 4.665 45.172 -20.319
v 21.668 48.033 19.531
v 21.659 47.013 19.519
v 20.23 45.65 -20.106
v 20.239 46.67 -20.123
v -21.503 48.033 19.531
v -21.494 47.012 19.519
v -20.075 46.67 -20.123
v -20.066 45.649 -20.106
v 10.161 46.325 19.667
v 10.161 45.296 19.65
v 9.494 44.962 -20.319
v 9.494 43.933 -20.295
v -10.192 46.325 19.667
v -10.192 45.296 19.65
v -9.511 43.933 -20.295
v -9.511 44.962 -20.319
v -0.035 45.883 19.667
v -0.035 44.854 19.65
v -0.027 44.52 -20.319
v -0.027 43.491 -20.295
v 4.99 45.386 19.667
v -5.054 45.386 19.667
v -4.714 44.023 -20.319
v 4.665 44.023 -20.319
v -21.465 46.711 18.458
v 21.629 46.711 18.458
v 21.629 49.223 18.458
v -21.465 49.223 18.458
v 10.147 44.884 18.467
v 10.147 47.618 18.467
v -10.177 44.884 18.467
v -10.177 47.618 18.467
v -0.034 44.442 18.467
v -0.034 47.176 18.467
v 21.73 48.578 18.467
v -21.566 48.578 18.467
v 21.73 47.429 18.467
v -21.566 47.429 18.467
v -4.998 44.311 12.654
v 4.936 44.311 12.654
v -4.998 47.074 12.654
v 4.936 47.074 12.654
v 21.521 48.795 12.654
v -21.357 48.795 12.654
v 21.534 47.812 12.654
v 21.521 46.783 12.654
v -21.357 46.783 12.654
v -21.37 47.812 12.654
v -20.096 45.405 -18.927
v -20.789 46.048 -0.154
v 20.953 46.048 -0.154
v 20.26 45.405 -18.927
v 20.953 48.579 -0.154
v 20.26 47.917 -18.927
v -20.789 48.579 -0.154
v -20.096 47.916 -18.927
v 9.827 44.216 -0.154
v 9.508 43.578 -18.94
v 9.827 46.978 -0.154
v 9.508 46.312 -18.94
v -9.851 44.215 -0.154
v -9.526 43.578 -18.94
v -9.851 46.978 -0.154
v -9.526 46.312 -18.94
v -0.031 43.773 -0.154
v -0.027 43.136 -18.94
v -0.031 46.536 -0.154
v -0.027 45.87 -18.94
v 21.056 47.926 -0.154
v 20.355 47.272 -18.94
v -20.191 47.272 -18.94
v -20.891 47.926 -0.154
v 20.355 46.123 -18.94
v 21.056 46.777 -0.154
v -20.191 46.123 -18.94
v -20.891 46.777 -0.154
v -4.771 43.403 -13.007
v 4.719 43.403 -13.007
v -4.771 46.165 -13.007
v 4.719 46.165 -13.007
v 20.565 47.886 -13.007
v -20.4 47.886 -13.007
v 20.577 46.903 -13.007
v 20.565 45.874 -13.007
v -20.4 45.874 -13.007
v -20.412 46.903 -13.007
v -19.658 45.324 -20.106
v -14.291 44.349 -20.123
v -21.058 46.687 19.519
v -15.31 45.712 19.531
v -21.058 49.199 19.519
v -15.31 48.243 19.531
v -19.658 47.836 -20.106
v -14.291 46.88 -20.123
v -21.064 48.55 19.65
v -15.31 47.584 19.667
v -19.665 47.186 -20.295
v -14.291 46.221 -20.319
v -21.064 47.401 19.65
v -15.31 46.435 19.667
v -19.665 46.038 -20.295
v -14.291 45.072 -20.319
v -20.831 46.342 12.654
v -15.14 45.361 12.654
v -20.831 49.076 12.654
v -15.14 48.124 12.654
v -19.898 45.433 -13.007
v -14.461 44.452 -13.007
v -19.898 48.167 -13.007
v -14.461 47.215 -13.007
v -19.258 48.667 19.65
v -17.978 47.304 -20.295
v -19.258 46.654 19.65
v -19.258 47.683 19.667
v -17.978 46.32 -20.319
v -17.978 45.291 -20.295
v -19.231 46.242 18.467
v -19.231 48.976 18.467
v -18.618 45.573 -0.154
v -18.004 44.936 -18.94
v -18.618 48.336 -0.154
v -18.004 47.669 -18.94
v 19.817 45.324 -20.106
v 14.345 44.349 -20.123
v 21.216 46.688 19.519
v 15.356 45.712 19.531
v 21.216 49.199 19.519
v 15.356 48.244 19.531
v 19.817 47.836 -20.106
v 14.345 46.88 -20.123
v 21.223 48.55 19.65
v 15.356 47.584 19.667
v 19.824 47.187 -20.295
v 14.345 46.221 -20.319
v 21.223 47.401 19.65
v 15.356 46.436 19.667
v 19.824 46.038 -20.295
v 14.345 45.072 -20.319
v 20.99 46.342 12.654
v 15.188 45.361 12.654
v 20.99 49.076 12.654
v 15.188 48.124 12.654
v 20.057 45.433 -13.007
v 14.514 44.452 -13.007
v 20.057 48.167 -13.007
v 14.514 47.215 -13.007
v 19.382 48.667 19.65
v 18.104 47.304 -20.295
v 19.382 47.683 19.667
v 19.382 46.655 19.65
v 18.104 46.32 -20.319
v 18.104 45.292 -20.295
v 19.355 46.242 18.467
v 19.355 48.976 18.467
v 18.131 44.936 -18.94
v 18.743 45.574 -0.154
v 18.743 48.336 -0.154
v 18.131 47.67 -18.94
v 4.99 46.95 19.65
v -5.054 46.95 19.65
v -4.714 45.587 -20.295
v 4.665 45.587 -20.295
v 4.99 45.966 19.667
v 4.99 44.938 19.65
v -5.054 45.966 19.667
v -5.054 44.938 19.65
v -4.714 44.603 -20.319
v -4.714 43.575 -20.295
v 4.665 44.603 -20.319
v 4.665 43.575 -20.295
v -5.047 44.526 18.467
v 4.983 44.526 18.467
v -5.047 47.259 18.467
v 4.983 47.259 18.467
v 21.718 48.991 18.465
v -21.553 48.991 18.465
v 21.73 48.01 18.467
v 21.718 46.983 18.465
v -21.553 46.983 18.465
v -21.566 48.01 18.467
v -4.721 43.219 -18.94
v -4.884 43.857 -0.154
v 4.672 43.219 -18.94
v 4.827 43.857 -0.154
v -4.884 46.62 -0.154
v -4.721 45.953 -18.94
v 4.827 46.62 -0.154
v 4.672 45.953 -18.94
v 21.043 48.341 -0.154
v 20.343 47.685 -18.936
v -20.878 48.341 -0.154
v -20.179 47.685 -18.936
v 21.056 47.357 -0.154
v 20.355 46.703 -18.94
v 21.043 46.328 -0.154
v 20.343 45.676 -18.936
v -20.878 46.328 -0.154
v -20.179 45.676 -18.936
v -20.891 47.357 -0.154
v -20.191 46.703 -18.94
v -15.31 48 19.65
v -21.063 48.963 19.633
v -14.291 46.637 -20.295
v -19.663 47.6 -20.271
v -15.31 45.987 19.65
v -21.063 46.955 19.633
v -15.31 47.016 19.667
v -21.064 47.981 19.65
v -14.291 45.653 -20.319
v -19.665 46.618 -20.295
v -14.291 44.624 -20.295
v -19.663 45.592 -20.271
v -21.034 46.555 18.465
v -15.289 45.575 18.467
v -15.289 48.309 18.467
v -21.034 49.261 18.465
v -20.365 45.887 -0.154
v -14.801 44.907 -0.154
v -19.692 45.249 -18.936
v -14.313 44.269 -18.94
v -14.801 47.669 -0.154
v -20.365 48.621 -0.154
v -14.313 47.003 -18.94
v -19.692 47.955 -18.936
v 15.356 48 19.65
v 21.221 48.964 19.633
v 19.822 47.601 -20.271
v 14.345 46.637 -20.295
v 15.356 47.016 19.667
v 21.223 47.981 19.65
v 15.356 45.988 19.65
v 21.221 46.955 19.633
v 19.824 46.618 -20.295
v 14.345 45.653 -20.319
v 19.822 45.592 -20.271
v 14.345 44.625 -20.295
v 21.192 46.556 18.465
v 15.335 45.575 18.467
v 21.192 49.262 18.465
v 15.335 48.309 18.467
v 19.851 45.249 -18.936
v 14.367 44.269 -18.94
v 20.523 45.888 -0.154
v 14.851 44.907 -0.154
v 20.523 48.621 -0.154
v 14.851 47.669 -0.154
v 19.851 47.955 -18.936
v 14.367 47.003 -18.94
usemtl silla-verde
s 1
f 613 703 867 692
f 703 623 705 867
f 867 705 619 699
f 692 867 699 605
f 609 701 868 691
f 701 621 706 868
f 868 706 623 703
f 691 868 703 613
f 614 704 869 693
f 704 624 707 869
f 869 707 622 702
f 693 869 702 610
f 606 700 870 694
f 700 620 708 870
f 870 708 624 704
f 694 870 704 614
f 623 725 871 705
f 725 633 729 871
f 871 729 629 717
f 705 871 717 619
f 633 726 872 729
f 726 612 689 872
f 872 689 604 718
f 729 872 718 629
f 621 721 873 706
f 721 631 730 873
f 873 730 633 725
f 706 873 725 623
f 631 722 874 730
f 722 608 690 874
f 874 690 612 726
f 730 874 726 633
f 624 727 875 707
f 727 634 731 875
f 875 731 632 724
f 707 875 724 622
f 634 728 876 731
f 728 611 688 876
f 876 688 607 723
f 731 876 723 632
f 620 719 877 708
f 719 630 732 877
f 877 732 634 727
f 708 877 727 624
f 630 720 878 732
f 720 603 687 878
f 878 687 611 728
f 732 878 728 634
f 643 741 879 747
f 741 612 690 879
f 879 690 608 739
f 747 879 739 641
f 639 737 880 748
f 737 604 689 880
f 880 689 612 741
f 748 880 741 643
f 613 742 881 691
f 742 644 749 881
f 881 749 642 740
f 691 881 740 609
f 605 738 882 692
f 738 640 750 882
f 882 750 644 742
f 692 882 742 613
f 615 743 883 695
f 743 645 751 883
f 883 751 637 735
f 695 883 735 600
f 601 736 884 697
f 736 638 752 884
f 884 752 646 744
f 697 884 744 617
f 625 745 885 709
f 745 647 753 885
f 885 753 645 743
f 709 885 743 615
f 598 734 886 710
f 734 636 754 886
f 886 754 647 745
f 710 886 745 625
f 635 733 887 755
f 733 595 714 887
f 887 714 627 746
f 755 887 746 648
f 617 744 888 713
f 744 646 756 888
f 888 756 648 746
f 713 888 746 627
f 611 774 889 688
f 774 657 785 889
f 889 785 655 770
f 688 889 770 607
f 657 773 890 785
f 773 643 747 890
f 890 747 641 769
f 785 890 769 655
f 603 766 891 687
f 766 653 786 891
f 891 786 657 774
f 687 891 774 611
f 653 765 892 786
f 765 639 748 892
f 892 748 643 773
f 786 892 773 657
f 644 775 893 749
f 775 658 787 893
f 893 787 656 771
f 749 893 771 642
f 658 776 894 787
f 776 614 693 894
f 894 693 610 772
f 787 894 772 656
f 640 767 895 750
f 767 654 788 895
f 895 788 658 775
f 750 895 775 644
f 654 768 896 788
f 768 606 694 896
f 896 694 614 776
f 788 896 776 658
f 645 777 897 751
f 777 659 789 897
f 897 789 651 761
f 751 897 761 637
f 659 778 898 789
f 778 616 696 898
f 898 696 599 762
f 789 898 762 651
f 638 763 899 752
f 763 652 790 899
f 899 790 660 780
f 752 899 780 646
f 652 764 900 790
f 764 602 698 900
f 900 698 618 779
f 790 900 779 660
f 647 782 901 753
f 782 661 791 901
f 901 791 659 777
f 753 901 777 645
f 661 781 902 791
f 781 626 712 902
f 902 712 616 778
f 791 902 778 659
f 636 759 903 754
f 759 650 792 903
f 903 792 661 782
f 754 903 782 647
f 650 760 904 792
f 760 597 711 904
f 904 711 626 781
f 792 904 781 661
f 648 784 905 755
f 784 662 793 905
f 905 793 649 758
f 755 905 758 635
f 662 783 906 793
f 783 628 716 906
f 906 716 596 757
f 793 906 757 649
f 646 780 907 756
f 780 660 794 907
f 907 794 662 784
f 756 907 784 648
f 660 779 908 794
f 779 618 715 908
f 908 715 628 783
f 794 908 783 662
f 609 800 909 701
f 800 665 819 909
f 909 819 667 804
f 701 909 804 621
f 665 799 910 819
f 799 601 697 910
f 910 697 617 803
f 819 910 803 667
f 622 806 911 702
f 806 668 820 911
f 911 820 666 802
f 702 911 802 610
f 668 805 912 820
f 805 618 698 912
f 912 698 602 801
f 820 912 801 666
f 631 808 913 722
f 808 669 821 913
f 913 821 664 798
f 722 913 798 608
f 595 797 914 714
f 797 664 821 914
f 914 821 669 807
f 714 914 807 627
f 621 804 915 721
f 804 667 822 915
f 915 822 669 808
f 721 915 808 631
f 667 803 916 822
f 803 617 713 916
f 916 713 627 807
f 822 916 807 669
f 632 810 917 724
f 810 670 823 917
f 917 823 668 806
f 724 917 806 622
f 670 809 918 823
f 809 628 715 918
f 918 715 618 805
f 823 918 805 668
f 607 796 919 723
f 796 663 824 919
f 919 824 670 810
f 723 919 810 632
f 663 795 920 824
f 795 596 716 920
f 920 716 628 809
f 824 920 809 670
f 664 797 921 825
f 797 595 733 921
f 921 733 635 811
f 825 921 811 671
f 671 812 922 825
f 812 641 739 922
f 922 739 608 798
f 825 922 798 664
f 642 814 923 740
f 814 672 826 923
f 923 826 665 800
f 740 923 800 609
f 672 813 924 826
f 813 638 736 924
f 924 736 601 799
f 826 924 799 665
f 649 815 925 758
f 815 673 827 925
f 925 827 671 811
f 758 925 811 635
f 673 816 926 827
f 816 655 769 926
f 926 769 641 812
f 827 926 812 671
f 596 795 927 757
f 795 663 828 927
f 927 828 673 815
f 757 927 815 649
f 663 796 928 828
f 796 607 770 928
f 928 770 655 816
f 828 928 816 673
f 656 818 929 771
f 818 674 829 929
f 929 829 672 814
f 771 929 814 642
f 674 817 930 829
f 817 652 763 930
f 930 763 638 813
f 829 930 813 672
f 610 802 931 772
f 802 666 830 931
f 931 830 674 818
f 772 931 818 656
f 666 801 932 830
f 801 602 764 932
f 932 764 652 817
f 830 932 817 674
f 619 840 933 699
f 840 679 855 933
f 933 855 677 836
f 699 933 836 605
f 679 839 934 855
f 839 615 695 934
f 934 695 600 835
f 855 934 835 677
f 616 841 935 696
f 841 680 856 935
f 935 856 678 837
f 696 935 837 599
f 680 842 936 856
f 842 620 700 936
f 936 700 606 838
f 856 936 838 678
f 629 844 937 717
f 844 681 857 937
f 937 857 679 840
f 717 937 840 619
f 681 843 938 857
f 843 625 709 938
f 938 709 615 839
f 857 938 839 679
f 604 834 939 718
f 834 676 858 939
f 939 858 681 844
f 718 939 844 629
f 676 833 940 858
f 833 598 710 940
f 940 710 625 843
f 858 940 843 681
f 626 845 941 712
f 845 682 859 941
f 941 859 680 841
f 712 941 841 616
f 682 846 942 859
f 846 630 719 942
f 942 719 620 842
f 859 942 842 680
f 597 831 943 711
f 831 675 860 943
f 943 860 682 845
f 711 943 845 626
f 675 832 944 860
f 832 603 720 944
f 944 720 630 846
f 860 944 846 682
f 598 833 945 734
f 833 676 861 945
f 945 861 683 847
f 734 945 847 636
f 676 834 946 861
f 834 604 737 946
f 946 737 639 848
f 861 946 848 683
f 637 849 947 735
f 849 684 862 947
f 947 862 677 835
f 735 947 835 600
f 684 850 948 862
f 850 640 738 948
f 948 738 605 836
f 862 948 836 677
f 650 851 949 760
f 851 685 863 949
f 949 863 675 831
f 760 949 831 597
f 685 852 950 863
f 852 653 766 950
f 950 766 603 832
f 863 950 832 675
f 636 847 951 759
f 847 683 864 951
f 951 864 685 851
f 759 951 851 650
f 683 848 952 864
f 848 639 765 952
f 952 765 653 852
f 864 952 852 685
f 651 853 953 761
f 853 686 865 953
f 953 865 684 849
f 761 953 849 637
f 686 854 954 865
f 854 654 767 954
f 954 767 640 850
f 865 954 850 684
f 599 837 955 762
f 837 678 866 955
f 955 866 686 853
f 762 955 853 651
f 678 838 956 866
f 838 606 768 956
f 956 768 654 854
f 866 956 854 686
