# Blender v2.90.1 OBJ File: 'Boot.Swap.blend'
# www.blender.org
mtllib bootie.mtl
o Boot_Cylinder.002
v 1 1.4 12.52
v -2.68 1.34 12.34
v -3.61 6.5 -7.79
v -1.61 6.94 -12.99
v -3.22 6.71 -10.95
v 3.49 6.76 -8.08
v -3.04 6.25 -4.96
v -3.05 5.46 -2.42
v -4.13 3.62 0.01
v -4.8 1.11 2.59
v 3.9 6.4 -5.42
v 3.99 5.57 -2.86
v 4.57 3.65 -0.47
v 4.96 1.02 2.23
v 0.26 7.06 -13.06
v 2.12 7.02 -11.27
v -2.5 1.49 12.27
v 0.86 1.55 12.37
v 0.92 0.95 12.48
v -2.65 0.94 12.4
v -3.21 5.85 -6.11
v -1.55 6.38 -13.06
v -3.17 6.08 -11.05
v 3.88 6.19 -6.03
v -2.81 5.72 -4.8
v -2.91 4.99 -2.65
v -3.91 3.25 -0.3
v -4.57 0.77 2.41
v 3.79 6.02 -5.14
v 3.84 5.26 -3.06
v 4.39 3.34 -0.73
v 4.77 0.67 1.98
v 0.28 6.5 -13.03
v 2.08 6.42 -11.27
v 0.25 10.06 -13.21
v 0.24 7.92 -13.05
v -0.7 12.87 2.5
v -0.73 7.74 5.25
v -0.75 4.81 7.18
v 1.73 4.33 6.36
v 2.07 6.87 4.07
v 2.25 11.18 0.88
v 3.79 9.51 -4.53
v 4.34 2.5 3.62
v 4.3 4.57 1.04
v 3.86 6.76 -2.03
v 3.76 7.5 -5
v -4.59 2.74 4.82
v -4.27 4.94 1.84
v -3.63 6.62 -2.08
v -3.74 7.33 -4.88
v -1.58 7.81 -13.05
v -3.02 4.27 6.69
v -3.17 7.01 4.17
v -3.28 11.34 0.62
v -4.26 9.5 -4.84
v 3.42 9.85 -7.99
v 3.37 7.78 -8.02
v -4.29 9.84 -7.86
v -3.93 7.58 -7.78
v -1.7 10.03 -13.08
v -3.97 3.73 6.03
v -4 6.13 3.09
v -3.92 8.45 -1.66
v 3.62 8.35 -1.2
v 3.16 3.67 5.26
v 3.45 5.8 2.69
v 0.91 12.31 2.03
v 0.68 7.51 4.93
v 0.48 4.71 6.95
v -2.12 12.47 2.02
v -2.03 7.56 5
v -1.94 4.67 7.1
v 0.06 12.71 -12.63
v 2.97 12.55 -7.81
v -4.21 12.74 -8.07
v -1.67 12.74 -12.44
v 3.19 12.39 -3.73
v -0.72 15.27 1.31
v -3.53 14.02 -1.29
v 2.26 13.77 -0.68
v -4.33 12.67 -4.59
v 0.95 14.74 0.77
v -2.27 14.89 0.67
v -0.08 15.4 -12.38
v 2.6 15.32 -7.79
v -4.06 15.38 -8.4
v -1.61 15.4 -12.16
v 2.83 15.49 -4.21
v -0.79 16.68 0.8
v -3.8 15.96 -2.09
v 2.04 15.99 -1.13
v -4.4 15.52 -5.33
v 0.82 16.47 0.35
v -2.49 16.48 0.05
v 3.11 10.34 -1.04
v -3.94 10.57 -1.58
v 2.1 7.94 -11.28
v 2.2 10.01 -11.37
v 1.82 12.63 -11.02
v 1.43 15.37 -10.92
v -3.11 7.67 -11.11
v -3.24 9.93 -11.06
v -3.13 12.72 -10.75
v -3 15.37 -10.71
v 0.25 7.62 -9.11
v -0.36 7.77 -10.09
v 0.91 7.29 -7.09
v 1.24 6.91 -4.9
v 0.83 6.61 -3.13
v 0.11 6.46 -2.26
v -1.9 6.5 -2.51
v -0.83 6.41 -2
v -2.91 7.05 -5.73
v -2.68 6.72 -3.81
v -2.43 7.42 -7.84
v -1.82 7.65 -9.17
v -1.15 7.78 -10
v 0.64 9.41 -10.13
v -0.2 9.58 -11.44
v 1.54 9.05 -7.46
v 1.99 8.66 -4.61
v 1.39 8.32 -2.19
v 0.43 8.16 -1.04
v -2.29 8.2 -1.35
v -0.83 8.1 -0.66
v -3.67 8.8 -5.63
v -3.33 8.45 -3.11
v -3.02 9.2 -8.41
v -2.23 9.43 -10.14
v -1.34 9.59 -11.3
v -0.47 3.4 12.12
v -0.93 3.49 11.99
v 0.33 2.91 12.19
v 0.04 3.26 11.97
v 0.71 2.1 12.31
v -2.44 2.04 12.3
v -2.16 2.89 12.22
v -1.38 3.41 12.14
v -1.85 3.27 12
v 2.01 7.19 -11.2
v 0.23 7.22 -12.93
v 4.74 1.32 2.53
v 4.4 3.82 -0.17
v 3.84 5.81 -2.67
v 3.75 6.6 -5.33
v -4.55 1.41 3.1
v -4.05 3.85 0.44
v -3.06 5.67 -2.3
v -3.08 6.46 -4.9
v 3.35 6.94 -8.05
v -3.09 6.9 -10.98
v -1.55 7.11 -12.94
v -3.57 6.72 -7.76
v -0.55 3.06 12.79
v -0.5 2.33 13.08
v -1.45 2.31 13.07
v -1.47 1.77 13.07
v -0.46 1.79 13.11
v -0.37 1.63 13.31
v 1.05 17.24 -10.9
v -0.18 17.23 -12.45
v 2.16 17.25 -7.78
v 2.62 17.28 -4.35
v 1.88 17.37 -1.36
v 0.69 17.44 0.07
v -2.6 17.43 -0.3
v -0.84 17.44 0.52
v -4.32 17.27 -5.49
v -3.86 17.34 -2.46
v -3.69 17.23 -8.55
v -2.73 17.23 -10.78
v -1.55 17.23 -12.24
v 0.81 15.96 -10.62
v -0.25 16.01 -12.1
v 1.84 15.89 -7.64
v 2.34 15.82 -4.44
v 1.66 15.75 -1.69
v 0.57 15.7 -0.38
v -2.48 15.71 -0.73
v -0.85 15.67 0.05
v -4.03 15.84 -5.54
v -3.65 15.77 -2.73
v -3.34 15.92 -8.51
v -2.46 15.97 -10.56
v -1.47 16 -11.93
v -1.38 3.05 12.79
v -1.53 1.61 13.25
v -0.37 1.22 13.31
v -1.54 1.21 13.28
v 2.76 0.95 10.08
v -3.76 0.91 10.18
v 2.62 0.5 10.04
v -3.68 0.53 10.16
v 1.31 2.81 10.5
v 0.52 3.31 10.65
v -2.83 2.77 10.65
v -3.38 1.75 10.45
v -1.53 3.54 10.82
v -2.16 3.29 10.76
v -0.18 3.55 10.74
v -0.87 3.62 10.81
v 2.2 1.9 10.23
v 2.56 1.15 10.09
v -3.55 1.08 10.23
v 4.52 0.5 5.4
v 4.34 0.11 5.35
v 2.59 2.91 7.25
v -3.65 2.85 7.82
v -1.8 3.81 8.49
v 0.27 3.87 8.32
v 3.78 1.8 6.25
v 4.29 0.78 5.56
v -4.7 0.59 5.9
v -4.54 0.23 5.7
v 1.33 3.54 7.92
v -4.37 1.85 7.06
v -2.75 3.44 8.24
v -0.78 3.94 8.5
v -4.45 0.83 6.13
v -3.53 5.87 -8.05
v 3.36 6.19 -8.19
v -1.09 0.01 -11.53
v -0.03 0.05 -11.47
v -2.16 -0.01 -10.39
v 1.24 0.08 -10.13
v 2.06 0.09 -6.94
v -1.92 0.01 -7.07
v 0.28 0.05 -6.99
v -0.93 0.02 -7.04
v -2.28 -0.01 -8.59
v 1.79 0.08 -8.37
v -1.02 0.01 -8.68
v 0.16 0.05 -8.63
v 1.4 1.29 -10.35
v 2.35 1.22 -6.77
v -2.1 1.11 -6.88
v -2.36 1.15 -10.52
v -1.18 1.23 -11.88
v 0.03 1.28 -11.82
v -2.54 1.11 -8.49
v 2.12 1.25 -8.33
v -0.96 1.24 13.39
v -2.11 1.5 12.9
v -3.22 1.13 11.53
v -3.59 6.6 -9.4
v -0.68 7.02 -13.27
v -3.35 6.41 -6.31
v -2.51 6.83 -12.19
v 3.8 6.61 -6.68
v 2.91 6.91 -9.72
v -2.9 5.96 -3.67
v -4.56 2.26 1.26
v 3.91 6.08 -4.13
v 4.24 4.78 -1.67
v 4.83 2.22 0.86
v 4.9 0.51 3.63
v 1.21 7.07 -12.4
v -2.09 1.1 12.95
v -3.17 0.74 11.57
v -0.64 6.47 -13.29
v -2.93 5.84 -5.56
v -2.46 6.23 -12.28
v 3.77 6.14 -5.72
v -2.75 5.45 -3.8
v -3.36 4.28 -1.5
v -4.32 1.92 1.02
v 3.78 5.75 -4.19
v 4.08 4.48 -1.92
v 4.64 1.89 0.58
v 4.71 0.14 3.48
v 1.2 6.49 -12.38
v -0.96 1.65 13.38
v -3.55 4.71 -1.21
v 1.2 7.95 -12.39
v 1.14 7.23 -12.29
v 0.26 8.85 -13.2
v -0.74 5.89 6.39
v 1.9 5.29 5.43
v 4.39 3.4 2.4
v 3.79 7.28 -3.54
v 4.64 2.45 1.18
v 3.76 6.31 -3.99
v -4.39 2.52 1.78
v -2.93 6.17 -3.6
v -4.5 3.77 3.52
v -3.59 7.07 -3.59
v -3.91 7.49 -6.24
v -3.1 5.34 5.67
v -1.44 12.78 2.38
v -1.4 7.7 5.2
v -1.36 4.77 7.18
v -4.05 8.27 -4.85
v -3.72 10.77 -0.46
v -3.64 6.65 3.58
v -3.51 4.03 6.4
v 3.82 8.39 -4.78
v 3.8 7.49 -1.61
v 3.98 5.15 1.88
v 3.83 3.14 4.45
v -0.13 16.5 -12.43
v 1.62 11.81 1.56
v 1.37 7.23 4.59
v 1.08 4.55 6.7
v 0.45 17.24 -11.91
v -0.77 10.05 -13.39
v 3.65 6.78 -6.63
v 2.53 17.26 -6.06
v 2.36 17.32 -2.71
v 1.32 17.41 -0.48
v -1.74 17.44 0.29
v -4.22 17.3 -3.91
v -4.1 17.24 -7.08
v -2.4 7.01 -12.19
v -3.23 17.23 -9.77
v -0.87 17.23 -12.54
v -0.69 7.88 -13.28
v 3.22 11.16 -7.9
v 3.44 8.69 -8.02
v -4.39 9.73 -6.29
v -4.29 11.28 -7.94
v -4.16 8.56 -7.81
v -1.7 11.37 -12.79
v -2.4 7.74 -12.32
v -1.65 8.77 -13.13
v -2.52 9.98 -12.28
v -3.37 6.62 -6.26
v 3.57 10.78 -4.26
v 3.7 9.73 -6.22
v -0.7 14.39 1.72
v -3.39 12.89 -0.53
v 3.65 7.65 -6.46
v 2.92 9.94 -9.78
v -0.67 7.18 -13.16
v 2.28 12.66 -0.1
v -4.35 10.94 -4.83
v -4.36 3.32 5.53
v -4.21 5.55 2.53
v -3.83 7.46 -1.9
v -4.06 9.09 -3.42
v -4.01 4.78 4.86
v 3.32 9.35 -0.95
v 2.43 4.05 5.89
v 2.79 6.42 3.38
v 3.33 4.54 4.18
v 3.74 9.07 -2.93
v 0.11 12.69 2.36
v -0.03 7.68 5.15
v -0.14 4.79 7.11
v -0.03 17.44 0.42
v 0.96 13.79 1.19
v 0.57 5.76 6.11
v -2.74 11.96 1.44
v -2.62 7.31 4.66
v -2.5 4.49 6.93
v -3.31 17.39 -1.23
v -2.18 13.97 1.15
v -1.99 5.75 6.23
v 0.17 11.36 -12.96
v -1.52 15.18 1.15
v 1.66 14.29 0.2
v -0.83 12.73 -12.75
v -2.43 12.73 -11.75
v -4.41 12.75 -6.55
v -4 13.46 -2.8
v -2.94 14.5 -0.14
v 0.13 15.1 1.15
v 2.76 13.18 -1.97
v 3.21 12.52 -5.93
v 2.5 12.58 -9.55
v 2.77 13.97 -7.79
v -4.15 14.12 -8.24
v -1.64 14.11 -12.22
v 2.97 14.14 -4.09
v -0.75 16.02 1.02
v -3.68 15.03 -1.78
v 2.17 14.91 -0.98
v -4.38 14.3 -5.11
v 0.89 15.65 0.52
v -2.38 15.73 0.32
v -0.02 14.1 -12.43
v 2.38 16.47 -7.8
v -3.89 16.47 -8.51
v -1.58 16.49 -12.21
v 2.72 16.57 -4.29
v -0.82 17.16 0.66
v -3.86 16.77 -2.3
v 1.96 16.83 -1.24
v -4.38 16.55 -5.44
v 0.75 17.07 0.22
v -2.57 17.07 -0.14
v -1.66 16.64 0.6
v 1.48 16.25 -0.21
v -0.85 15.41 -12.45
v -2.33 15.38 -11.55
v -4.34 15.42 -6.95
v -4.21 15.7 -3.65
v -3.21 16.24 -0.84
v 0.05 16.62 0.7
v 2.53 15.72 -2.51
v 2.85 15.37 -6
v 2.09 15.34 -9.5
v -0.71 10.37 3.81
v 2.2 9.06 2.34
v 4.08 5.78 -0.48
v 4.09 4.98 -1.42
v -3.52 4.91 -0.93
v -3.91 5.91 -0.16
v -3.22 9.21 2.24
v -3.92 7.5 0.69
v 3.52 7.26 0.76
v 0.81 9.97 3.42
v -2.07 10.07 3.44
v 2.79 10.56 -0.07
v 3.18 11.17 -2.12
v -3.94 9.54 -1.46
v -4.11 11.44 -2.81
v 2.84 7.88 -9.72
v 2.78 7.08 -9.68
v 1.64 17.24 -9.46
v 1.28 10.05 -12.53
v 0.98 12.67 -12.05
v 0.69 15.39 -11.89
v 1.62 14.03 -10.93
v 2.05 11.28 -11.21
v 2.19 8.85 -11.37
v 1.23 16.48 -10.93
v -3.49 6.8 -9.41
v -2.18 17.23 -11.62
v -3.65 7.63 -9.5
v -3.87 9.89 -9.52
v -3.75 12.73 -9.49
v -3.59 15.37 -9.66
v -3.07 14.09 -10.69
v -3.2 11.32 -10.9
v -3.19 8.65 -11.13
v -2.88 16.47 -10.76
v 0.29 15.99 -11.58
v 2.22 15.86 -6.03
v 2.11 15.78 -2.93
v 1.15 15.72 -0.88
v -1.68 15.68 -0.18
v -3.97 15.81 -4.06
v -3.77 15.88 -7.09
v -2.9 15.95 -9.64
v -0.86 16.01 -12.2
v -0.09 15.68 -0.05
v -3.15 15.74 -1.6
v 1.34 15.93 -9.24
v -2 15.99 -11.35
v 0.91 17.34 -10.8
v 0.24 9.52 -10.98
v 1.88 8.86 -6.02
v 1.79 8.47 -3.27
v 0.94 8.22 -1.48
v -1.57 8.13 -0.86
v -3.62 8.61 -4.29
v -3.42 9.01 -7.09
v -2.62 9.33 -9.39
v -0.76 9.61 -11.53
v -0.16 8.12 -0.75
v -2.89 8.31 -2.11
v 1.09 9.25 -8.9
v -1.82 9.52 -10.8
v -3.18 12.56 -8.47
v -2.35 12.71 -10.36
v 1.7 12.48 -7.56
v -1.41 12.81 -11.64
v -0.22 12.81 -11.78
v 2.17 12.24 -4.52
v 0.51 11.92 -0.7
v -0.84 11.88 -0.29
v 1.54 12.03 -1.93
v -2.39 11.95 -1.03
v -3.5 12.11 -2.92
v 0.73 12.69 -10.38
v -3.86 12.32 -5.59
v -0.14 7.64 -9.29
v 0.92 7.1 -5.97
v 0.87 6.79 -4.17
v 0.34 6.58 -3
v -1.31 6.52 -2.6
v -2.63 6.9 -4.85
v -2.49 7.23 -6.73
v -1.96 7.49 -8.29
v -0.76 7.71 -9.66
v -0.39 6.5 -2.52
v -2.16 6.66 -3.42
v 0.41 7.42 -7.91
v -1.43 7.65 -9.2
v -0.24 8.12 -10.98
v 0.49 7.93 -9.8
v 1.31 7.54 -7.33
v 1.72 7.1 -4.69
v 1.19 6.74 -2.51
v 0.32 6.56 -1.47
v -0.82 6.5 -1.13
v -2.16 6.61 -1.75
v -3.1 6.88 -3.35
v -3.4 7.26 -5.66
v -2.79 7.7 -8.26
v -2.07 7.96 -9.82
v -1.26 8.13 -10.86
v -0.75 3.45 12.1
v 0.15 3.15 12.1
v -2.33 2.48 12.28
v -1.65 3.34 12.1
v -1.98 3.16 12.13
v 0.54 2.52 12.26
v -0.19 3.32 12.08
v -1.11 3.46 12.11
v 2.95 3.16 6.14
v 0.21 3.27 11.56
v -3.87 3.13 6.86
v -2.9 1.87 11.6
v -1.89 4.09 7.73
v -1.96 3.28 11.61
v 0.4 4.15 7.56
v -0.91 3.54 11.6
v 4.18 1.99 4.78
v 0.15 1.7 12.85
v 0.8 1.77 12.34
v -1.98 1.66 12.77
v 0.07 2.23 12.8
v -1.95 2.19 12.78
v -0.98 2.35 13.17
v -0.55 3.28 12.49
v -0.97 3.09 12.85
v -1.35 3.29 12.5
v -1.79 2.98 12.59
v -0.53 2.71 12.98
v -0.23 17.35 -12.34
v 1.99 17.34 -7.72
v 2.49 17.34 -4.39
v 1.78 17.34 -1.5
v 0.64 17.34 -0.13
v -0.85 17.31 0.32
v -2.56 17.34 -0.49
v -3.78 17.34 -2.59
v -4.19 17.34 -5.52
v -3.5 17.33 -8.54
v -2.59 17.34 -10.7
v -1.51 17.35 -12.15
v -1.54 7.31 -12.97
v -3.36 6.76 -4.89
v -3.32 6.03 -2.21
v -4.17 4.32 1.07
v -4.6 2.02 3.9
v -0.48 2 13.1
v 0.23 7.42 -12.95
v 3.73 6.92 -5.19
v 3.85 6.19 -2.4
v 4.39 4.12 0.32
v 4.61 1.83 2.96
v 3.34 7.22 -8.03
v -3.71 7 -7.76
v 2.03 7.43 -11.22
v -3.07 7.13 -11.04
v 4.67 0.82 3.87
v -1.42 2.7 12.99
v -0.12 2.99 12.57
v -3.02 1.28 11.52
v 0.27 1.55 13.05
v -2.47 1.7 12.29
v -1.46 1.99 13.07
v 0.22 1.11 13.02
v -0.98 1.81 13.18
v 3.45 6.52 -8.08
v 1.83 1.19 11.62
v -4.3 0.72 8.12
v 1.72 0.74 11.58
v -4.18 0.35 8
v 0.78 2.84 11.57
v 0.94 3.39 9.27
v -2.48 2.82 11.62
v -3.92 1.74 8.76
v -1.44 3.48 11.63
v -2.46 3.33 9.49
v -0.35 3.47 11.59
v -0.82 3.75 9.64
v 1.41 2 11.54
v 1.66 1.37 11.55
v -4.06 0.92 8.25
v 2.43 1.47 10.14
v -3.49 1.34 10.33
v 0.17 3.45 10.7
v -2.49 3.09 10.71
v 1.79 2.38 10.37
v -1.21 3.6 10.82
v -0.53 3.61 10.78
v -1.85 3.44 10.8
v -3.15 2.28 10.56
v 0.89 3.11 10.59
v 3.73 0.69 7.77
v 3.57 0.27 7.75
v 1.98 2.82 8.88
v -3.26 2.76 9.22
v -1.67 3.64 9.64
v 0.05 3.68 9.51
v 3.06 1.8 8.27
v 3.51 0.93 7.86
v -4.86 0.62 4.07
v -4.66 0.27 3.89
v 1.57 3.8 7.04
v -4.57 2.13 5.85
v -2.92 3.69 7.41
v -0.76 4.23 7.77
v -4.6 0.9 4.46
v -3.2 3.19 8.06
v 1.93 3.28 7.63
v 0.78 3.74 8.15
v 3.25 2.39 6.76
v -4.44 1.28 6.55
v 4.11 1.21 5.84
v -2.29 3.65 8.39
v -4.08 2.4 7.49
v -1.3 3.9 8.52
v -0.25 3.94 8.44
v -3 5.52 -2.36
v 3.41 6.82 -8.07
v -3 6.33 -4.92
v 3.81 6.46 -5.39
v -3.56 6.58 -7.77
v 3.89 5.63 -2.8
v 0.92 1.45 12.44
v -3.15 6.79 -10.95
v -1.58 7.01 -12.95
v 4.46 3.69 -0.39
v -0.42 1.68 13.19
v 0.24 7.12 -12.98
v -4.05 3.65 0.13
v 2.05 7.08 -11.23
v -4.64 1.15 2.71
v -2.57 1.39 12.3
v -1.5 1.66 13.14
v -3.64 0.96 10.19
v 2.66 1.01 10.07
v 4.41 0.57 5.44
v -4.55 0.64 5.95
v 4.85 1.09 2.32
v -0.86 0.94 12.44
v -0.53 0.51 10.1
v -0.1 0.16 5.52
v 0.1 0.71 2.19
v 0.49 5.86 -4.96
v 0.47 5.12 -2.86
v 0.24 3.29 -0.52
v -3.56 6.23 -7.85
v 4.57 3.49 -0.6
v 3.99 5.42 -2.96
v 4.97 0.84 2.1
v 1 1.17 12.5
v 2.76 0.72 10.06
v -3.79 0.72 10.17
v -4.79 0.94 2.5
v -3.39 5.8 -6.95
v -3.05 5.22 -2.54
v 3.9 6.21 -5.35
v -3.5 5.96 -9.52
v -0.37 1.42 13.32
v -1.54 1.41 13.27
v -2.7 1.14 12.37
v -4.72 0.41 5.8
v 4.53 0.3 5.37
v -0.57 0.03 -11.68
v -1.68 -0 -11.07
v 0.64 0.06 -10.89
v 1.94 0.08 -7.6
v -2.32 -0.01 -9.52
v 1.1 0.07 -6.95
v 0.34 6.02 -6.07
v -0.38 0.03 -7
v -1.4 0.01 -7.04
v -0.98 0.02 -7.72
v -1.59 6.72 -13.04
v 2.82 6.3 -9.74
v 2.11 6.79 -11.29
v 1.7 3.54 -10.75
v 2.1 0.29 -6.9
v -1.93 0.21 -7.02
v -2.2 0.21 -10.42
v -1.1 0.24 -11.65
v -0.02 0.28 -11.59
v 0.23 0.05 -7.68
v -4.12 3.44 -0.14
v -3.02 5.98 -4.95
v 3.67 6.11 -6.99
v 0.27 6.85 -13.07
v -3.21 6.46 -11
v -2.13 -0 -7.77
v -2.35 0.2 -8.57
v 1.58 0.08 -9.25
v 1.88 0.3 -8.36
v -1.06 0.01 -10.02
v 0.07 0.04 -9.97
v 0.94 0.06 -8.52
v -0.46 0.03 -8.68
v -1.64 0 -8.64
v 1.27 0.3 -10.17
v 2.94 3.34 -6.47
v -2.51 3.14 -6.56
v -2.71 3.31 -10.75
v -1.34 3.48 -12.39
v 0.14 3.57 -12.35
v -2.98 3.2 -8.3
v 2.66 3.41 -8.27
v 2.3 1.23 -7.48
v -2.39 1.11 -7.62
v 1.85 1.27 -9.33
v -2.57 1.13 -9.51
v 0.1 1.16 -6.79
v 0.74 1.29 -11.22
v -0.58 1.26 -12.04
v -1.83 1.19 -11.35
v -2.68 9.68 2.98
v 4.24 4.63 -1.8
v 0.05 10.25 3.69
v 4.79 0.58 3.7
v 2.83 6.97 -9.69
v -0.98 1.71 13.26
v 3.72 6.66 -6.67
v -2.85 6.02 -3.62
v -3.31 6.49 -6.28
v -3.49 4.75 -1.12
v -3.52 6.68 -9.4
v 3.82 6.14 -4.09
v 1.74 1.25 11.58
v -0.38 3.74 9.59
v -1.59 15.95 0.83
v -1.25 3.72 9.65
v -3.65 2.28 9.02
v -0.02 2.63 12.72
v -2.07 3.51 9.58
v 3.35 1.3 8.02
v 4.11 5.29 -1.03
v -1.38 5.86 6.36
v -3.87 7.97 -3.52
v -3.71 5.32 -0.59
v -4.34 4.34 4.28
v -4.03 1.26 8.47
v -0.67 7.38 -13.19
v -3.22 6.49 -3.6
v -4.46 3.09 2.58
v -4.69 0.67 4.16
v 3.76 6.68 -3.8
v 3.81 8.1 -3.24
v -1.42 10.31 3.72
v 2.62 4.97 4.88
v -3.99 6.64 0.28
v 1.22 5.56 5.83
v 2.69 16.5 -6.04
v 2.44 16.69 -2.62
v 0.01 17.14 0.56
v -3.3 16.93 -1.06
v -4.25 16.64 -3.81
v -4.24 16.49 -7.05
v -2.76 12.65 -9.53
v -2.26 16.48 -11.6
v -0.86 16.49 -12.51
v -0.73 8.82 -13.41
v 4.14 4.83 -1.6
v -2.47 8.71 -12.36
v 4.57 2.85 1.67
v -4.2 8.45 -6.24
v -2.38 7.22 -12.25
v 3.72 8.56 -6.35
v -3.6 6.91 -6.24
v 2.29 13.99 -9.5
v 1.39 16.97 -0.34
v 2.95 8.51 1.17
v 2.57 2.34 8.58
v -3.59 5.1 5.3
v 3.95 4 3.3
v 0.48 3.57 9.4
v 1.51 9.56 3
v -0.09 5.86 6.3
v -3.7 8.72 0.99
v 1.43 3.16 9.1
v -1.71 17.14 0.43
v -2.56 5.57 5.99
v 3.89 6.43 0.16
v -2.86 3.1 9.38
v -1.47 14.29 1.58
v 1.68 13.27 0.66
v -0.81 11.37 -13.11
v -2.49 11.34 -12.03
v -4.43 11.21 -6.4
v -2.83 13.48 0.45
v 0.14 14.19 1.57
v -4.16 10.3 -3.25
v 3.49 11.07 -6.06
v 2.93 8.78 -9.78
v 1.58 15.3 -0.06
v -0.85 14.11 -12.52
v -2.38 14.1 -11.59
v -4.39 14.17 -6.77
v -4.12 14.63 -3.37
v -3.09 15.41 -0.54
v 0.1 15.91 0.89
v 2.65 14.49 -2.36
v 3.01 14 -5.95
v 1.86 16.47 -9.5
v 0.82 14.07 -11.91
v 3.63 7.08 -6.56
v 3.51 10.13 -2.62
v 2.78 11.96 -1.13
v -3.84 12.23 -1.73
v -3.69 14.1 -9.56
v 1.16 11.33 -12.32
v 1.27 8.87 -12.52
v 0.56 16.49 -11.92
v 2.74 11.22 -9.68
v -3.84 11.3 -9.49
v -3.79 8.61 -9.52
v -3.43 16.46 -9.74
v 1.22 12.59 -9.08
v 0.35 17.34 -11.8
v -0.83 7.09 -5.97
v 0.88 7.75 -8.64
v -0.81 12.82 -11.89
v 2.06 12.36 -6.02
v -0.12 11.89 -0.39
v 1.96 12.12 -3.1
v -3.02 12.02 -1.85
v 1.05 11.97 -1.17
v -1.63 11.9 -0.5
v -1.91 12.77 -11.09
v -3.81 12.21 -4.17
v -3.6 12.45 -7.09
v 0.27 12.76 -11.29
v 0.13 8.05 -10.54
v 1.6 7.32 -5.99
v 1.53 6.9 -3.51
v 0.77 6.63 -1.9
v -1.5 6.54 -1.34
v -3.34 7.06 -4.43
v -3.15 7.49 -7.01
v -2.41 7.85 -9.13
v -0.74 8.14 -11.03
v -0.21 6.52 -1.24
v -2.68 6.73 -2.47
v -1.69 8.05 -10.38
v 0.48 3.11 11.58
v -2.73 2.36 11.62
v -1.7 3.4 11.62
v -0.64 3.52 11.6
v -1.18 3.53 11.62
v 1.12 2.44 11.56
v -2.22 3.11 11.62
v -3.54 7.07 -9.45
v -0.07 3.39 11.58
v 1.15 7.45 -12.31
v -2.97 1.51 11.56
v -1.96 1.87 12.77
v 0.12 1.91 12.83
v -0.95 3.34 12.48
v -0.98 2.74 13.07
v -1.88 2.6 12.72
v 0.21 1.59 12.94
v -0.19 3.21 12.38
v -2.09 17.35 -11.54
v 2.37 17.34 -6.05
v 2.79 7.34 -9.69
v 2.25 17.34 -2.81
v 1.24 17.34 -0.65
v -1.72 17.32 0.09
v -4.12 17.34 -3.98
v -3.94 17.34 -7.09
v -3.05 17.34 -9.73
v -0.88 17.35 -12.44
v -0.06 17.32 0.22
v -3.25 17.35 -1.4
v 1.47 17.34 -9.37
v 1.57 1.62 11.54
v -1.69 3.22 12.39
v -0.99 2.03 13.18
v -2.45 6.91 -12.18
v -0.67 7.08 -13.2
v 1.16 7.13 -12.33
v -2.03 1.56 12.82
v -4.44 2.29 1.39
v -2.12 1.3 12.93
v -3.11 1.18 11.52
v 4.72 2.27 0.95
v -3.41 3.44 7.17
v 2.24 3.54 6.66
v 0.96 4.01 7.34
v 3.64 2.63 5.47
v 3.63 0.76 7.79
v -4.61 1.46 5.11
v 4.5 1.33 4.23
v -2.42 3.91 7.6
v -4.3 2.7 6.44
v -1.33 4.19 7.78
v -0.18 4.22 7.7
v -4.16 0.77 8.15
v -0.93 1.1 13
v -0.73 0.73 11.57
v -0.3 0.3 7.87
v 0.03 0.2 3.68
v 0.36 4.37 -1.72
v 0.16 1.9 0.79
v 0.43 5.98 -5.61
v 0.51 5.59 -4
v 0.27 1.33 13.04
v -3.54 4.49 -1.35
v 4.91 0.32 3.55
v 2.88 6.67 -9.73
v 4.83 2.06 0.71
v -4.32 0.53 8.06
v 1.83 0.96 11.6
v -2.9 5.7 -3.74
v 1.22 6.84 -12.41
v -3.55 6.34 -9.45
v -4.54 2.09 1.14
v -0.66 6.81 -13.3
v -3.3 6.09 -6.3
v 3.91 5.92 -4.17
v -2.5 6.6 -12.25
v 3.8 6.35 -6.54
v -0.96 1.45 13.39
v -3.25 0.94 11.55
v -4.86 0.45 3.98
v 3.74 0.48 7.76
v -1.71 0.22 -11.16
v -0.57 0.26 -11.8
v 0.65 0.29 -11
v -0.07 0.16 -6.95
v -2.98 3.24 -9.51
v 0.8 0.06 -9.66
v -0.42 0.03 -7.7
v -1.68 -0 -9.8
v 1.66 0.3 -9.25
v -2.2 0.2 -7.74
v 2.9 3.37 -7.27
v 1.05 0.06 -7.64
v -0.51 0.03 -10.09
v -1.55 0.01 -7.74
v 2.04 0.3 -7.58
v -2.83 3.16 -7.34
v 2.27 3.47 -9.51
v -2.39 0.2 -9.5
v 0.22 3.24 -6.48
v 0.95 3.57 -11.73
v -0.61 3.54 -12.59
v -2.11 3.4 -11.76
usemtl Base
s 1
f 55 409 715 353
f 409 54 354 715
f 715 354 72 413
f 353 715 413 71
f 37 403 717 347
f 403 38 348 717
f 717 348 69 412
f 347 717 412 68
f 219 580 728 618
f 580 202 590 728
f 728 590 201 599
f 618 728 599 211
f 79 375 729 360
f 375 90 392 729
f 729 392 95 380
f 360 729 380 84
f 210 598 730 617
f 598 199 589 730
f 730 589 202 580
f 617 730 580 219
f 217 576 731 616
f 576 198 592 731
f 731 592 197 597
f 616 731 597 209
f 156 524 732 531
f 524 136 509 732
f 732 509 134 561
f 531 732 561 155
f 218 578 733 615
f 578 200 591 733
f 733 591 199 598
f 615 733 598 210
f 212 600 734 614
f 600 203 584 734
f 734 584 204 601
f 614 734 601 213
f 46 405 735 552
f 405 45 553 735
f 735 553 144 406
f 552 735 406 145
f 72 358 736 291
f 358 73 292 736
f 736 292 39 278
f 291 736 278 38
f 51 287 737 293
f 287 50 339 737
f 737 339 64 340
f 293 737 340 56
f 149 407 738 546
f 407 148 547 738
f 738 547 49 408
f 546 738 408 50
f 49 286 739 338
f 286 48 337 739
f 739 337 62 341
f 338 739 341 63
f 220 583 740 613
f 583 205 585 740
f 740 585 198 576
f 613 740 576 217
f 142 334 741 550
f 334 153 544 741
f 741 544 52 317
f 550 741 317 36
f 150 285 742 545
f 285 149 546 742
f 742 546 50 287
f 545 742 287 51
f 148 284 743 547
f 284 147 548 743
f 743 548 48 286
f 547 743 286 49
f 47 281 745 551
f 281 46 552 745
f 745 552 145 283
f 551 745 283 146
f 43 346 746 297
f 346 65 298 746
f 746 298 46 281
f 297 746 281 47
f 71 413 747 290
f 413 72 291 747
f 747 291 38 403
f 290 747 403 37
f 41 279 748 344
f 279 40 343 748
f 748 343 66 345
f 344 748 345 67
f 50 408 749 339
f 408 49 338 749
f 749 338 63 410
f 339 749 410 64
f 69 352 750 303
f 352 70 304 750
f 750 304 40 279
f 303 750 279 41
f 86 382 751 401
f 382 163 308 751
f 751 308 164 385
f 401 751 385 89
f 89 385 752 400
f 385 164 309 752
f 752 309 165 388
f 400 752 388 92
f 94 390 753 399
f 390 166 350 753
f 753 350 168 386
f 399 753 386 90
f 95 391 754 398
f 391 167 356 754
f 754 356 170 387
f 398 754 387 91
f 91 387 755 397
f 387 170 312 755
f 755 312 169 389
f 397 755 389 93
f 93 389 756 396
f 389 169 313 756
f 756 313 171 383
f 396 756 383 87
f 185 445 757 466
f 445 184 465 757
f 757 465 129 459
f 466 757 459 130
f 105 437 758 395
f 437 172 429 758
f 758 429 173 384
f 395 758 384 88
f 88 384 759 394
f 384 173 316 759
f 759 316 162 301
f 394 759 301 85
f 52 325 760 317
f 325 61 306 760
f 760 306 35 277
f 317 760 277 36
f 102 436 762 324
f 436 103 326 762
f 762 326 61 325
f 324 762 325 52
f 45 280 763 553
f 280 44 554 763
f 763 554 143 282
f 553 763 282 144
f 51 293 764 288
f 293 56 320 764
f 764 320 59 322
f 288 764 322 60
f 152 558 765 314
f 558 102 324 765
f 765 324 52 544
f 314 765 544 153
f 58 319 766 332
f 319 57 329 766
f 766 329 43 297
f 332 766 297 47
f 150 545 767 327
f 545 51 288 767
f 767 288 60 556
f 327 767 556 154
f 101 402 768 424
f 402 86 371 768
f 768 371 75 370
f 424 768 370 100
f 92 388 769 393
f 388 165 310 769
f 769 310 166 390
f 393 769 390 94
f 42 404 770 414
f 41 344 770 404
f 67 411 770 344
f 65 342 770 411
f 96 414 770 342
f 208 596 771 612
f 596 195 588 771
f 771 588 203 600
f 612 771 600 212
f 63 341 772 295
f 341 62 296 772
f 772 296 53 289
f 295 772 289 54
f 67 345 773 299
f 345 66 300 773
f 773 300 44 280
f 299 773 280 45
f 211 599 774 611
f 599 201 586 774
f 774 586 196 574
f 611 774 574 216
f 68 412 775 302
f 412 69 303 775
f 775 303 41 404
f 302 775 404 42
f 38 278 776 348
f 278 39 349 776
f 776 349 70 352
f 348 776 352 69
f 64 410 777 416
f 63 295 777 410
f 54 409 777 295
f 55 294 777 409
f 97 416 777 294
f 216 574 778 610
f 574 196 593 778
f 778 593 195 596
f 610 778 596 208
f 90 386 779 392
f 386 168 311 779
f 779 311 167 391
f 392 779 391 95
f 54 289 780 354
f 289 53 355 780
f 780 355 73 358
f 354 780 358 72
f 65 411 781 298
f 411 67 299 781
f 781 299 45 405
f 298 781 405 46
f 209 597 782 609
f 597 197 587 782
f 782 587 200 578
f 609 782 578 218
f 37 330 783 290
f 330 79 360 783
f 783 360 84 357
f 290 783 357 71
f 42 335 784 302
f 335 81 361 784
f 784 361 83 351
f 302 784 351 68
f 61 323 785 306
f 323 77 362 785
f 785 362 74 359
f 306 785 359 35
f 103 435 786 326
f 435 104 363 786
f 786 363 77 323
f 326 786 323 61
f 56 336 787 320
f 336 82 364 787
f 787 364 76 321
f 320 787 321 59
f 71 357 788 353
f 357 84 366 788
f 788 366 80 331
f 353 788 331 55
f 68 351 789 347
f 351 83 367 789
f 789 367 79 330
f 347 789 330 37
f 56 340 790 336
f 340 64 416 790
f 790 416 97 417
f 336 790 417 82
f 57 318 791 329
f 318 75 369 791
f 791 369 78 328
f 329 791 328 43
f 98 426 792 418
f 426 99 333 792
f 792 333 57 319
f 418 792 319 58
f 81 377 793 361
f 377 92 393 793
f 793 393 94 379
f 361 793 379 83
f 77 373 794 362
f 373 88 394 794
f 794 394 85 381
f 362 794 381 74
f 105 395 795 434
f 395 88 373 795
f 795 373 77 363
f 434 795 363 104
f 82 378 796 364
f 378 93 396 796
f 796 396 87 372
f 364 796 372 76
f 80 376 797 365
f 376 91 397 797
f 797 397 93 378
f 365 797 378 82
f 84 380 798 366
f 380 95 398 798
f 798 398 91 376
f 366 798 376 80
f 83 379 799 367
f 379 94 399 799
f 799 399 90 375
f 367 799 375 79
f 78 374 800 368
f 374 89 400 800
f 800 400 92 377
f 368 800 377 81
f 75 371 801 369
f 371 86 401 801
f 801 401 89 374
f 369 801 374 78
f 163 382 802 420
f 382 86 402 802
f 802 402 101 427
f 420 802 427 161
f 74 381 803 422
f 381 85 423 803
f 803 423 101 424
f 422 803 424 100
f 151 555 804 307
f 555 58 332 804
f 804 332 47 551
f 307 804 551 146
f 65 346 805 342
f 346 43 328 805
f 805 328 78 415
f 342 805 415 96
f 96 415 806 414
f 415 78 368 806
f 806 368 81 335
f 414 806 335 42
f 82 417 807 365
f 417 97 294 807
f 807 294 55 331
f 365 807 331 80
f 76 372 808 432
f 372 87 433 808
f 808 433 105 434
f 432 808 434 104
f 35 359 809 421
f 359 74 422 809
f 809 422 100 425
f 421 809 425 99
f 36 277 810 275
f 277 35 421 810
f 810 421 99 426
f 275 810 426 98
f 85 301 811 423
f 301 162 305 811
f 811 305 161 427
f 423 811 427 101
f 99 425 812 333
f 425 100 370 812
f 812 370 75 318
f 333 812 318 57
f 59 321 813 431
f 321 76 432 813
f 813 432 104 435
f 431 813 435 103
f 60 322 814 430
f 322 59 431 814
f 814 431 103 436
f 430 814 436 102
f 87 383 815 433
f 383 171 315 815
f 815 315 172 437
f 433 815 437 105
f 176 449 816 467
f 449 174 476 816
f 816 476 119 463
f 467 816 463 121
f 161 305 817 451
f 305 162 532 817
f 817 532 175 438
f 451 817 438 174
f 108 489 818 479
f 106 478 818 489
f 107 486 818 478
f 118 490 818 486
f 117 485 818 490
f 116 484 818 485
f 114 483 818 484
f 115 488 818 483
f 112 482 818 488
f 113 487 818 482
f 111 481 818 487
f 110 480 818 481
f 109 479 818 480
f 106 489 819 492
f 489 108 493 819
f 819 493 121 463
f 492 819 463 119
f 175 446 820 469
f 446 186 468 820
f 820 468 131 460
f 469 820 460 120
f 177 439 821 470
f 439 176 467 821
f 821 467 121 453
f 470 821 453 122
f 181 447 822 472
f 447 179 471 822
f 822 471 124 461
f 472 822 461 126
f 178 440 823 473
f 440 177 470 823
f 823 470 122 454
f 473 823 454 123
f 183 448 824 475
f 448 180 474 824
f 824 474 125 462
f 475 824 462 128
f 179 441 825 471
f 441 178 473 825
f 825 473 123 455
f 471 825 455 124
f 180 442 826 474
f 442 181 472 826
f 826 472 126 456
f 474 826 456 125
f 186 450 827 468
f 450 185 466 827
f 827 466 130 464
f 468 827 464 131
f 182 443 828 477
f 443 183 475 828
f 828 475 128 457
f 477 828 457 127
f 184 444 829 465
f 444 182 477 829
f 829 477 127 458
f 465 829 458 129
f 174 438 830 476
f 438 175 469 830
f 830 469 120 452
f 476 830 452 119
f 107 478 831 491
f 478 106 492 831
f 831 492 119 452
f 491 831 452 120
f 108 479 832 493
f 479 109 494 832
f 832 494 122 453
f 493 832 453 121
f 109 480 833 494
f 480 110 495 833
f 833 495 123 454
f 494 833 454 122
f 110 481 834 495
f 481 111 496 834
f 834 496 124 455
f 495 834 455 123
f 113 482 835 497
f 482 112 498 835
f 835 498 125 456
f 497 835 456 126
f 115 483 836 499
f 483 114 500 836
f 836 500 127 457
f 499 836 457 128
f 114 484 837 500
f 484 116 501 837
f 837 501 129 458
f 500 837 458 127
f 116 485 838 501
f 485 117 502 838
f 838 502 130 459
f 501 838 459 129
f 118 486 839 503
f 486 107 491 839
f 839 491 120 460
f 503 839 460 131
f 111 487 840 496
f 487 113 497 840
f 840 497 126 461
f 496 840 461 124
f 112 488 841 498
f 488 115 499 841
f 841 499 128 462
f 498 841 462 125
f 117 490 842 502
f 490 118 503 842
f 842 503 131 464
f 502 842 464 130
f 195 593 843 573
f 593 196 513 843
f 843 513 135 505
f 573 843 505 134
f 197 592 844 575
f 592 198 515 844
f 844 515 137 506
f 575 844 506 138
f 199 591 845 577
f 591 200 517 845
f 845 517 140 507
f 577 845 507 139
f 201 590 846 579
f 590 202 519 846
f 846 519 133 504
f 579 846 504 132
f 202 589 847 519
f 589 199 577 847
f 847 577 139 511
f 519 847 511 133
f 203 588 848 581
f 588 195 573 848
f 848 573 134 509
f 581 848 509 136
f 200 587 849 517
f 587 197 575 849
f 849 575 138 508
f 517 849 508 140
f 154 556 850 428
f 556 60 430 850
f 850 430 102 558
f 428 850 558 152
f 196 586 851 513
f 586 201 579 851
f 851 579 132 510
f 513 851 510 135
f 36 275 852 550
f 275 98 557 852
f 852 557 141 276
f 550 852 276 142
f 198 585 853 515
f 585 205 562 853
f 853 562 17 564
f 515 853 564 137
f 157 525 854 565
f 525 137 564 854
f 854 564 17 523
f 565 854 523 158
f 159 521 855 549
f 521 18 522 855
f 855 522 136 524
f 549 855 524 156
f 133 511 856 504
f 139 529 856 511
f 187 528 856 529
f 155 527 856 528
f 132 504 856 527
f 155 528 857 531
f 528 187 560 857
f 857 560 157 526
f 531 857 526 156
f 187 530 858 560
f 530 138 506 858
f 858 506 137 525
f 560 858 525 157
f 155 561 860 527
f 561 134 505 860
f 860 505 135 510
f 527 860 510 132
f 186 543 861 450
f 543 173 429 861
f 861 429 172 542
f 450 861 542 185
f 177 534 862 439
f 534 164 308 862
f 862 308 163 533
f 439 862 533 176
f 98 418 863 557
f 418 58 555 863
f 863 555 151 419
f 557 863 419 141
f 178 535 864 440
f 535 165 309 864
f 864 309 164 534
f 440 864 534 177
f 179 536 865 441
f 536 166 310 865
f 865 310 165 535
f 441 865 535 178
f 180 538 866 442
f 538 167 311 866
f 866 311 168 537
f 442 866 537 181
f 182 540 867 443
f 540 169 312 867
f 867 312 170 539
f 443 867 539 183
f 184 541 868 444
f 541 171 313 868
f 868 313 169 540
f 444 868 540 182
f 185 542 869 445
f 542 172 315 869
f 869 315 171 541
f 445 869 541 184
f 175 532 870 446
f 532 162 316 870
f 870 316 173 543
f 446 870 543 186
f 181 537 871 447
f 537 168 350 871
f 871 350 166 536
f 447 871 536 179
f 183 539 872 448
f 539 170 356 872
f 872 356 167 538
f 448 872 538 180
f 176 533 873 449
f 533 163 420 873
f 873 420 161 451
f 449 873 451 174
f 204 584 874 582
f 584 203 581 874
f 874 581 136 522
f 582 874 522 18
f 138 530 875 508
f 530 187 529 875
f 875 529 139 507
f 508 875 507 140
f 157 565 876 526
f 565 158 567 876
f 876 567 159 549
f 526 876 549 156
f 62 514 885 296
f 514 209 609 885
f 885 609 218 606
f 296 885 606 53
f 40 604 886 343
f 604 216 610 886
f 886 610 208 512
f 343 886 512 66
f 70 518 887 304
f 518 211 611 887
f 887 611 216 604
f 304 887 604 40
f 66 512 888 300
f 512 208 612 888
f 888 612 212 520
f 300 888 520 44
f 147 608 890 548
f 608 220 613 890
f 890 613 217 605
f 548 890 605 48
f 44 520 891 554
f 520 212 614 891
f 891 614 213 559
f 554 891 559 143
f 53 606 892 355
f 606 218 615 892
f 892 615 210 516
f 355 892 516 73
f 48 605 893 337
f 605 217 616 893
f 893 616 209 514
f 337 893 514 62
f 73 516 894 292
f 516 210 617 894
f 894 617 219 607
f 292 894 607 39
f 39 607 895 349
f 607 219 618 895
f 895 618 211 518
f 349 895 518 70
usemtl Heel
s off
f 224 667 930 695
f 667 226 692 930
f 930 692 232 696
f 695 930 696 234
f 230 674 931 672
f 674 233 697 931
f 931 697 234 684
f 672 931 684 229
f 223 694 932 666
f 694 233 698 932
f 932 698 231 669
f 666 932 669 225
f 234 696 936 684
f 696 232 668 936
f 936 668 227 670
f 684 936 670 229
f 234 697 937 695
f 697 233 694 937
f 937 694 223 665
f 695 937 665 224
f 231 698 938 690
f 698 233 674 938
f 938 674 230 673
f 690 938 673 228
s 1
f 12 255 716 650
f 255 13 649 716
f 716 649 31 269
f 650 716 269 30
f 143 559 718 640
f 559 213 638 718
f 718 638 206 257
f 640 718 257 14
f 151 620 719 419
f 620 6 251 719
f 719 251 16 632
f 419 719 632 141
f 159 567 720 629
f 567 158 635 720
f 720 635 188 273
f 629 720 273 160
f 151 307 721 620
f 307 146 622 721
f 721 622 11 250
f 620 721 250 6
f 149 285 722 619
f 285 150 621 722
f 722 621 7 252
f 619 722 252 8
f 150 327 723 621
f 327 154 623 723
f 723 623 3 248
f 621 723 248 7
f 148 407 724 631
f 407 149 619 724
f 724 619 8 274
f 631 724 274 9
f 154 428 725 623
f 428 152 626 725
f 725 626 5 246
f 623 725 246 3
f 146 283 726 622
f 283 145 624 726
f 726 624 12 254
f 622 726 254 11
f 191 637 727 569
f 637 204 582 727
f 727 582 18 625
f 569 727 625 1
f 214 639 744 602
f 639 220 608 744
f 744 608 147 633
f 602 744 633 10
f 144 628 761 406
f 628 13 255 761
f 761 255 12 624
f 406 761 624 145
f 18 521 859 625
f 521 159 629 859
f 859 629 160 563
f 625 859 563 1
f 152 314 877 626
f 314 153 627 877
f 877 627 4 249
f 626 877 249 5
f 153 334 878 627
f 334 142 630 878
f 878 630 15 247
f 627 878 247 4
f 142 276 879 630
f 276 141 632 879
f 879 632 16 258
f 630 879 258 15
f 2 244 880 634
f 244 188 635 880
f 880 635 158 523
f 634 880 523 17
f 148 631 881 284
f 631 9 253 881
f 881 253 10 633
f 284 881 633 147
f 190 661 882 259
f 661 188 244 882
f 882 244 2 662
f 259 882 662 20
f 2 634 883 245
f 634 17 562 883
f 883 562 205 636
f 245 883 636 192
f 144 282 884 628
f 282 143 640 884
f 884 640 14 256
f 628 884 256 13
f 213 601 889 638
f 601 204 637 889
f 889 637 191 594
f 638 889 594 206
f 192 636 896 570
f 636 205 583 896
f 896 583 220 639
f 570 896 639 214
f 189 243 897 566
f 243 190 259 897
f 897 259 20 641
f 566 897 641 19
f 194 642 898 260
f 642 193 571 898
f 898 571 19 641
f 260 898 641 20
f 215 643 899 572
f 643 207 595 899
f 899 595 193 642
f 572 899 642 194
f 207 643 900 271
f 643 215 603 900
f 900 603 28 644
f 271 900 644 32
f 26 646 901 266
f 646 30 269 901
f 901 269 31 647
f 266 901 647 27
f 27 647 902 267
f 647 31 270 902
f 902 270 32 644
f 267 902 644 28
f 25 262 903 645
f 262 21 671 903
f 903 671 24 264
f 645 903 264 29
f 25 645 904 265
f 645 29 268 904
f 904 268 30 646
f 265 904 646 26
f 1 563 905 652
f 563 160 660 905
f 905 660 189 566
f 652 905 566 19
f 9 274 906 685
f 274 8 657 906
f 906 657 26 266
f 685 906 266 27
f 206 664 907 257
f 664 207 271 907
f 907 271 32 651
f 257 907 651 14
f 16 251 908 677
f 251 6 568 908
f 908 568 222 676
f 677 908 676 34
f 13 256 909 649
f 256 14 651 909
f 909 651 32 270
f 649 909 270 31
f 214 663 910 570
f 663 215 572 910
f 910 572 194 654
f 570 910 654 192
f 191 569 911 653
f 569 1 652 911
f 911 652 19 571
f 653 911 571 193
f 8 252 912 657
f 252 7 686 912
f 912 686 25 265
f 657 912 265 26
f 15 258 913 688
f 258 16 677 913
f 913 677 34 272
f 688 913 272 33
f 3 246 914 648
f 246 5 689 914
f 914 689 23 659
f 648 914 659 221
f 10 253 915 655
f 253 9 685 915
f 915 685 27 267
f 655 915 267 28
f 4 247 916 675
f 247 15 688 916
f 916 688 33 261
f 675 916 261 22
f 7 248 917 686
f 3 648 917 248
f 221 656 917 648
f 21 262 917 656
f 25 686 917 262
f 11 254 918 658
f 254 12 650 918
f 918 650 30 268
f 658 918 268 29
f 5 249 919 689
f 249 4 675 919
f 919 675 22 263
f 689 919 263 23
f 6 250 920 568
f 11 658 920 250
f 29 264 920 658
f 24 687 920 264
f 222 568 920 687
f 188 661 921 273
f 661 190 243 921
f 921 243 189 660
f 273 921 660 160
f 2 245 922 662
f 245 192 654 922
f 922 654 194 260
f 662 922 260 20
f 10 655 923 602
f 655 28 603 923
f 923 603 215 663
f 602 923 663 214
f 191 653 924 594
f 653 193 595 924
f 924 595 207 664
f 594 924 664 206
f 238 714 925 681
f 714 239 682 925
f 925 682 223 666
f 681 925 666 225
f 239 713 926 682
f 713 240 683 926
f 926 683 224 665
f 682 926 665 223
f 240 712 927 683
f 712 235 699 927
f 927 699 226 667
f 683 927 667 224
f 236 711 928 679
f 237 680 928 711
f 228 673 928 680
f 230 672 928 673
f 229 670 928 672
f 227 679 928 670
f 238 710 929 702
f 710 241 705 929
f 929 705 221 659
f 702 929 659 23
f 235 709 933 699
f 709 242 693 933
f 933 693 232 692
f 699 933 692 226
f 241 691 934 708
f 691 231 690 934
f 934 690 228 680
f 708 934 680 237
f 242 706 935 707
f 706 222 687 935
f 935 687 24 700
f 707 935 700 236
f 232 693 939 668
f 693 242 707 939
f 939 707 236 679
f 668 939 679 227
f 221 705 940 656
f 705 241 708 940
f 940 708 237 701
f 656 940 701 21
f 34 676 941 678
f 676 222 706 941
f 941 706 242 709
f 678 941 709 235
f 225 669 942 681
f 669 231 691 942
f 942 691 241 710
f 681 942 710 238
f 24 671 943 700
f 671 21 701 943
f 943 701 237 711
f 700 943 711 236
f 33 272 944 704
f 272 34 678 944
f 944 678 235 712
f 704 944 712 240
f 22 261 945 703
f 261 33 704 945
f 945 704 240 713
f 703 945 713 239
f 23 263 946 702
f 263 22 703 946
f 946 703 239 714
f 702 946 714 238
o Boot.001_Cylinder.001
v -12.05 1.4 12.52
v -8.38 1.34 12.34
v -7.45 6.5 -7.79
v -9.44 6.94 -12.99
v -7.83 6.71 -10.95
v -14.55 6.76 -8.08
v -8.01 6.25 -4.96
v -8 5.46 -2.42
v -6.92 3.62 0.01
v -6.26 1.11 2.59
v -14.95 6.4 -5.42
v -15.04 5.57 -2.86
v -15.63 3.65 -0.47
v -16.01 1.02 2.23
v -11.31 7.06 -13.06
v -13.18 7.02 -11.27
v -8.56 1.49 12.27
v -11.91 1.55 12.37
v -11.97 0.95 12.48
v -8.41 0.94 12.4
v -7.85 5.85 -6.11
v -9.5 6.38 -13.06
v -7.89 6.08 -11.05
v -14.93 6.19 -6.03
v -8.25 5.72 -4.8
v -8.15 4.99 -2.65
v -7.14 3.25 -0.3
v -6.49 0.77 2.41
v -14.85 6.02 -5.14
v -14.9 5.26 -3.06
v -15.45 3.34 -0.73
v -15.82 0.67 1.98
v -11.33 6.5 -13.03
v -13.14 6.42 -11.27
v -11.3 10.06 -13.21
v -11.3 7.92 -13.05
v -10.36 12.87 2.5
v -10.33 7.74 5.25
v -10.3 4.81 7.18
v -12.78 4.33 6.36
v -13.13 6.87 4.07
v -13.3 11.18 0.88
v -14.84 9.51 -4.53
v -15.4 2.5 3.62
v -15.36 4.57 1.04
v -14.92 6.76 -2.03
v -14.82 7.5 -5
v -6.47 2.74 4.82
v -6.78 4.94 1.84
v -7.43 6.62 -2.08
v -7.32 7.33 -4.88
v -9.48 7.81 -13.05
v -8.04 4.27 6.69
v -7.89 7.01 4.17
v -7.77 11.34 0.62
v -6.8 9.5 -4.84
v -14.47 9.85 -7.99
v -14.43 7.78 -8.02
v -6.76 9.84 -7.86
v -7.12 7.58 -7.78
v -9.35 10.03 -13.08
v -7.09 3.73 6.03
v -7.06 6.13 3.09
v -7.14 8.45 -1.66
v -14.67 8.35 -1.2
v -14.21 3.67 5.26
v -14.51 5.8 2.69
v -11.97 12.31 2.03
v -11.74 7.51 4.93
v -11.53 4.71 6.95
v -8.94 12.47 2.02
v -9.02 7.56 5
v -9.11 4.67 7.1
v -11.12 12.71 -12.63
v -14.03 12.55 -7.81
v -6.85 12.74 -8.07
v -9.38 12.74 -12.44
v -14.25 12.39 -3.73
v -10.34 15.27 1.31
v -7.52 14.02 -1.29
v -13.32 13.77 -0.68
v -6.72 12.67 -4.59
v -12.01 14.74 0.77
v -8.79 14.89 0.67
v -10.97 15.4 -12.38
v -13.65 15.32 -7.79
v -7 15.38 -8.4
v -9.45 15.4 -12.16
v -13.88 15.49 -4.21
v -10.27 16.68 0.8
v -7.26 15.96 -2.09
v -13.1 15.99 -1.13
v -6.66 15.52 -5.33
v -11.87 16.47 0.35
v -8.57 16.48 0.05
v -14.17 10.34 -1.04
v -7.11 10.57 -1.58
v -13.16 7.94 -11.28
v -13.26 10.01 -11.37
v -12.87 12.63 -11.02
v -12.49 15.37 -10.92
v -7.95 7.67 -11.11
v -7.82 9.93 -11.06
v -7.93 12.72 -10.75
v -8.06 15.37 -10.71
v -11.3 7.62 -9.11
v -10.69 7.77 -10.09
v -11.96 7.29 -7.09
v -12.29 6.91 -4.9
v -11.89 6.61 -3.13
v -11.17 6.46 -2.26
v -9.15 6.5 -2.51
v -10.23 6.41 -2
v -8.15 7.05 -5.73
v -8.37 6.72 -3.81
v -8.63 7.42 -7.84
v -9.23 7.65 -9.17
v -9.9 7.78 -10
v -11.69 9.41 -10.13
v -10.86 9.58 -11.44
v -12.59 9.05 -7.46
v -13.04 8.66 -4.61
v -12.45 8.32 -2.19
v -11.49 8.16 -1.04
v -8.76 8.2 -1.35
v -10.23 8.1 -0.66
v -7.39 8.8 -5.63
v -7.72 8.45 -3.11
v -8.04 9.2 -8.41
v -8.82 9.43 -10.14
v -9.71 9.59 -11.3
v -10.58 3.4 12.12
v -10.12 3.49 11.99
v -11.38 2.91 12.19
v -11.1 3.26 11.97
v -11.76 2.1 12.31
v -8.62 2.04 12.3
v -8.89 2.89 12.22
v -9.67 3.41 12.14
v -9.2 3.27 12
v -13.06 7.19 -11.2
v -11.29 7.22 -12.93
v -15.8 1.32 2.53
v -15.46 3.82 -0.17
v -14.9 5.81 -2.67
v -14.8 6.6 -5.33
v -6.5 1.41 3.1
v -7.01 3.85 0.44
v -7.99 5.67 -2.3
v -7.98 6.46 -4.9
v -14.41 6.94 -8.05
v -7.97 6.9 -10.98
v -9.51 7.11 -12.94
v -7.48 6.72 -7.76
v -10.5 3.06 12.79
v -10.56 2.33 13.08
v -9.61 2.31 13.07
v -9.58 1.77 13.07
v -10.6 1.79 13.11
v -10.68 1.63 13.31
v -12.1 17.24 -10.9
v -10.87 17.23 -12.45
v -13.22 17.25 -7.78
v -13.68 17.28 -4.35
v -12.93 17.37 -1.36
v -11.75 17.44 0.07
v -8.46 17.43 -0.3
v -10.21 17.44 0.52
v -6.74 17.27 -5.49
v -7.19 17.34 -2.46
v -7.37 17.23 -8.55
v -8.32 17.23 -10.78
v -9.5 17.23 -12.24
v -11.86 15.96 -10.62
v -10.8 16.01 -12.1
v -12.9 15.89 -7.64
v -13.39 15.82 -4.44
v -12.72 15.75 -1.69
v -11.63 15.7 -0.38
v -8.57 15.71 -0.73
v -10.21 15.67 0.05
v -7.02 15.84 -5.54
v -7.41 15.77 -2.73
v -7.72 15.92 -8.51
v -8.6 15.97 -10.56
v -9.59 16 -11.93
v -9.68 3.05 12.79
v -9.52 1.61 13.25
v -10.69 1.22 13.31
v -9.52 1.21 13.28
v -13.81 0.95 10.08
v -7.29 0.91 10.18
v -13.67 0.5 10.04
v -7.38 0.53 10.16
v -12.37 2.81 10.5
v -11.57 3.31 10.65
v -8.23 2.77 10.65
v -7.67 1.75 10.45
v -9.52 3.54 10.82
v -8.89 3.29 10.76
v -10.88 3.55 10.74
v -10.18 3.62 10.81
v -13.26 1.9 10.23
v -13.61 1.15 10.09
v -7.51 1.08 10.23
v -15.57 0.5 5.4
v -15.4 0.11 5.35
v -13.64 2.91 7.25
v -7.4 2.85 7.82
v -9.25 3.81 8.49
v -11.32 3.87 8.32
v -14.84 1.8 6.25
v -15.34 0.78 5.56
v -6.36 0.59 5.9
v -6.52 0.23 5.7
v -12.38 3.54 7.92
v -6.69 1.85 7.06
v -8.31 3.44 8.24
v -10.28 3.94 8.5
v -6.61 0.83 6.13
v -7.52 5.87 -8.05
v -14.42 6.19 -8.19
v -9.97 0.01 -11.53
v -11.03 0.05 -11.47
v -8.89 -0.01 -10.39
v -12.3 0.08 -10.13
v -13.11 0.09 -6.94
v -9.13 0.01 -7.07
v -11.33 0.05 -6.99
v -10.13 0.02 -7.04
v -8.77 -0.01 -8.59
v -12.84 0.08 -8.37
v -10.04 0.01 -8.68
v -11.21 0.05 -8.63
v -12.46 1.29 -10.35
v -13.41 1.22 -6.77
v -8.96 1.11 -6.88
v -8.7 1.15 -10.52
v -9.88 1.23 -11.88
v -11.08 1.28 -11.82
v -8.51 1.11 -8.49
v -13.17 1.25 -8.33
v -10.1 1.24 13.39
v -8.95 1.5 12.9
v -7.83 1.13 11.53
v -7.47 6.6 -9.4
v -10.37 7.02 -13.27
v -7.7 6.41 -6.31
v -8.54 6.83 -12.19
v -14.85 6.61 -6.68
v -13.97 6.91 -9.72
v -8.16 5.96 -3.67
v -6.49 2.26 1.26
v -14.96 6.08 -4.13
v -15.3 4.78 -1.67
v -15.88 2.22 0.86
v -15.95 0.51 3.63
v -12.27 7.07 -12.4
v -8.97 1.1 12.95
v -7.89 0.74 11.57
v -10.42 6.47 -13.29
v -8.12 5.84 -5.56
v -8.6 6.23 -12.28
v -14.83 6.14 -5.72
v -8.3 5.45 -3.8
v -7.69 4.28 -1.5
v -6.73 1.92 1.02
v -14.83 5.75 -4.19
v -15.14 4.48 -1.92
v -15.7 1.89 0.58
v -15.77 0.14 3.48
v -12.26 6.49 -12.38
v -10.09 1.65 13.38
v -7.51 4.71 -1.21
v -12.26 7.95 -12.39
v -12.19 7.23 -12.29
v -11.32 8.85 -13.2
v -10.31 5.89 6.39
v -12.95 5.29 5.43
v -15.44 3.4 2.4
v -14.84 7.28 -3.54
v -15.69 2.45 1.18
v -14.82 6.31 -3.99
v -6.67 2.52 1.78
v -8.13 6.17 -3.6
v -6.56 3.77 3.52
v -7.46 7.07 -3.59
v -7.14 7.49 -6.24
v -7.96 5.34 5.67
v -9.62 12.78 2.38
v -9.65 7.7 5.2
v -9.7 4.77 7.18
v -7.01 8.27 -4.85
v -7.34 10.77 -0.46
v -7.41 6.65 3.58
v -7.54 4.03 6.4
v -14.88 8.39 -4.78
v -14.86 7.49 -1.61
v -15.03 5.15 1.88
v -14.89 3.14 4.45
v -10.92 16.5 -12.43
v -12.68 11.81 1.56
v -12.43 7.23 4.59
v -12.14 4.55 6.7
